Cluster 0:
Dense units: [{0: 0}]
Dimensions: {0}
Cluster size: 83
Data points:
{0, 1, 2, 3, 4, 5, 6, 7, 8, 9, 10, 11, 12, 13, 14, 15, 16, 17, 18, 19, 20, 21, 22, 23, 24, 28, 30, 31, 32, 33, 34, 35, 36, 37, 38, 40, 41, 42, 43, 44, 48, 49, 51, 52, 53, 54, 55, 56, 57, 58, 60, 63, 65, 66, 67, 68, 70, 71, 72, 73, 74, 75, 76, 77, 78, 79, 81, 82, 83, 84, 86, 88, 89, 90, 93, 94, 95, 97, 98, 99, 100, 103, 105}
Cluster 1:
Dense units: [{1: 0}]
Dimensions: {1}
Cluster size: 91
Data points:
{0, 1, 2, 3, 4, 5, 6, 7, 8, 9, 10, 11, 12, 13, 14, 15, 16, 17, 18, 19, 20, 21, 22, 23, 24, 28, 30, 32, 34, 35, 36, 37, 38, 40, 41, 42, 43, 44, 47, 48, 49, 50, 51, 52, 53, 54, 55, 56, 57, 58, 59, 60, 61, 63, 65, 66, 67, 68, 70, 71, 72, 73, 74, 75, 76, 77, 78, 79, 81, 82, 83, 84, 85, 86, 87, 88, 89, 90, 91, 92, 93, 94, 95, 97, 98, 99, 100, 101, 102, 103, 105}
Cluster 2:
Dense units: [{2: 0}, {2: 1}, {2: 2}]
Dimensions: {2}
Cluster size: 85
Data points:
{0, 1, 2, 3, 5, 7, 8, 9, 10, 11, 12, 13, 14, 15, 18, 20, 21, 22, 23, 24, 25, 26, 27, 28, 29, 30, 31, 32, 33, 35, 36, 39, 40, 41, 43, 44, 45, 46, 47, 48, 49, 51, 52, 53, 54, 55, 56, 57, 58, 61, 62, 64, 65, 66, 67, 68, 69, 71, 72, 73, 74, 75, 76, 77, 78, 80, 81, 83, 84, 86, 87, 88, 89, 90, 94, 95, 96, 97, 98, 99, 101, 103, 104, 105, 106}
Cluster 3:
Dense units: [{3: 0}]
Dimensions: {3}
Cluster size: 82
Data points:
{0, 2, 3, 4, 5, 6, 7, 8, 9, 10, 11, 12, 13, 14, 15, 16, 17, 18, 19, 20, 21, 22, 23, 24, 28, 29, 30, 31, 32, 33, 35, 36, 37, 38, 39, 40, 41, 43, 44, 49, 51, 52, 53, 54, 55, 56, 57, 58, 63, 64, 65, 66, 67, 68, 70, 71, 72, 73, 74, 75, 76, 77, 78, 79, 80, 81, 82, 83, 84, 86, 88, 89, 90, 93, 94, 95, 97, 98, 99, 100, 103, 105}
Cluster 4:
Dense units: [{4: 0}]
Dimensions: {4}
Cluster size: 85
Data points:
{0, 1, 2, 3, 4, 5, 6, 7, 8, 9, 10, 11, 12, 13, 14, 15, 16, 17, 18, 19, 20, 21, 22, 23, 24, 28, 30, 31, 32, 33, 34, 35, 36, 37, 38, 40, 41, 42, 43, 44, 48, 49, 51, 52, 53, 54, 56, 57, 59, 60, 63, 65, 66, 67, 68, 70, 71, 72, 73, 74, 75, 76, 77, 78, 79, 81, 82, 83, 84, 85, 86, 88, 89, 90, 91, 92, 93, 94, 95, 97, 99, 100, 102, 103, 105}
Cluster 5:
Dense units: [{5: 0}]
Dimensions: {5}
Cluster size: 82
Data points:
{0, 1, 2, 3, 4, 5, 6, 7, 8, 9, 10, 11, 12, 13, 14, 15, 16, 17, 18, 19, 20, 21, 22, 23, 24, 28, 29, 30, 31, 32, 33, 34, 35, 36, 37, 38, 40, 41, 43, 44, 48, 49, 51, 52, 53, 54, 55, 56, 57, 58, 63, 65, 66, 67, 68, 70, 71, 72, 73, 74, 75, 76, 77, 78, 79, 81, 82, 83, 84, 86, 88, 89, 90, 93, 94, 95, 97, 98, 99, 100, 103, 105}
Cluster 6:
Dense units: [{5: 2}]
Dimensions: {5}
Cluster size: 12
Data points:
{64, 96, 101, 102, 104, 27, 91, 50, 87, 25, 59, 92}
Cluster 7:
Dense units: [{6: 0}, {6: 1}, {6: 2}, {6: 3}]
Dimensions: {6}
Cluster size: 96
Data points:
{1, 2, 3, 4, 5, 6, 7, 8, 10, 11, 12, 13, 14, 15, 16, 17, 18, 19, 20, 22, 23, 25, 26, 27, 28, 29, 30, 31, 33, 34, 35, 36, 37, 38, 39, 40, 41, 42, 44, 45, 46, 47, 48, 49, 50, 51, 52, 53, 54, 55, 56, 57, 58, 59, 60, 61, 62, 64, 65, 66, 67, 68, 69, 70, 71, 72, 73, 74, 77, 78, 79, 80, 81, 82, 83, 84, 85, 86, 87, 88, 89, 91, 92, 93, 94, 95, 96, 97, 98, 99, 100, 101, 102, 103, 104, 106}
Cluster 8:
Dense units: [{7: 5}, {7: 6}, {7: 7}]
Dimensions: {7}
Cluster size: 58
Data points:
{1, 3, 8, 9, 10, 11, 12, 13, 18, 19, 24, 25, 26, 27, 28, 29, 30, 38, 41, 44, 45, 46, 49, 51, 53, 54, 55, 58, 61, 62, 64, 65, 66, 67, 68, 69, 73, 74, 77, 79, 81, 84, 86, 87, 88, 89, 90, 93, 96, 97, 98, 99, 100, 101, 103, 104, 105, 106}
Cluster 9:
Dense units: [{7: 9}]
Dimensions: {7}
Cluster size: 13
Data points:
{32, 33, 35, 5, 39, 40, 71, 14, 15, 52, 22, 31, 95}
Cluster 10:
Dense units: [{0: 0, 1: 0}]
Dimensions: {0, 1}
Cluster size: 81
Data points:
{0, 1, 2, 3, 4, 5, 6, 7, 8, 9, 10, 11, 12, 13, 14, 15, 16, 17, 18, 19, 20, 21, 22, 23, 24, 28, 30, 32, 34, 35, 36, 37, 38, 40, 41, 42, 43, 44, 48, 49, 51, 52, 53, 54, 55, 56, 57, 58, 60, 63, 65, 66, 67, 68, 70, 71, 72, 73, 74, 75, 76, 77, 78, 79, 81, 82, 83, 84, 86, 88, 89, 90, 93, 94, 95, 97, 98, 99, 100, 103, 105}
Cluster 11:
Dense units: [{0: 0, 2: 0}]
Dimensions: {0, 2}
Cluster size: 45
Data points:
{0, 2, 3, 8, 9, 10, 13, 14, 18, 21, 22, 23, 28, 30, 31, 32, 33, 35, 40, 41, 43, 44, 48, 49, 51, 52, 53, 54, 65, 66, 68, 71, 72, 74, 77, 81, 83, 86, 88, 90, 94, 95, 97, 103, 105}
Cluster 12:
Dense units: [{0: 0, 2: 2}]
Dimensions: {0, 2}
Cluster size: 12
Data points:
{1, 99, 67, 7, 73, 11, 12, 75, 24, 89, 56, 57}
Cluster 13:
Dense units: [{0: 0, 3: 0}]
Dimensions: {0, 3}
Cluster size: 78
Data points:
{0, 2, 3, 4, 5, 6, 7, 8, 9, 10, 11, 12, 13, 14, 15, 16, 17, 18, 19, 20, 21, 22, 23, 24, 28, 30, 31, 32, 33, 35, 36, 37, 38, 40, 41, 43, 44, 49, 51, 52, 53, 54, 55, 56, 57, 58, 63, 65, 66, 67, 68, 70, 71, 72, 73, 74, 75, 76, 77, 78, 79, 81, 82, 83, 84, 86, 88, 89, 90, 93, 94, 95, 97, 98, 99, 100, 103, 105}
Cluster 14:
Dense units: [{0: 0, 4: 0}]
Dimensions: {0, 4}
Cluster size: 80
Data points:
{0, 1, 2, 3, 4, 5, 6, 7, 8, 9, 10, 11, 12, 13, 14, 15, 16, 17, 18, 19, 20, 21, 22, 23, 24, 28, 30, 31, 32, 33, 34, 35, 36, 37, 38, 40, 41, 42, 43, 44, 48, 49, 51, 52, 53, 54, 56, 57, 60, 63, 65, 66, 67, 68, 70, 71, 72, 73, 74, 75, 76, 77, 78, 79, 81, 82, 83, 84, 86, 88, 89, 90, 93, 94, 95, 97, 99, 100, 103, 105}
Cluster 15:
Dense units: [{0: 0, 5: 0}]
Dimensions: {0, 5}
Cluster size: 81
Data points:
{0, 1, 2, 3, 4, 5, 6, 7, 8, 9, 10, 11, 12, 13, 14, 15, 16, 17, 18, 19, 20, 21, 22, 23, 24, 28, 30, 31, 32, 33, 34, 35, 36, 37, 38, 40, 41, 43, 44, 48, 49, 51, 52, 53, 54, 55, 56, 57, 58, 63, 65, 66, 67, 68, 70, 71, 72, 73, 74, 75, 76, 77, 78, 79, 81, 82, 83, 84, 86, 88, 89, 90, 93, 94, 95, 97, 98, 99, 100, 103, 105}
Cluster 16:
Dense units: [{0: 0, 6: 0}, {0: 0, 6: 1}, {0: 0, 6: 2}, {0: 0, 6: 3}]
Dimensions: {0, 6}
Cluster size: 72
Data points:
{1, 2, 3, 4, 5, 6, 7, 8, 10, 11, 12, 13, 14, 15, 16, 17, 18, 19, 20, 22, 23, 28, 30, 31, 33, 34, 35, 36, 37, 38, 40, 41, 42, 44, 48, 49, 51, 52, 53, 54, 55, 56, 57, 58, 60, 65, 66, 67, 68, 70, 71, 72, 73, 74, 77, 78, 79, 81, 82, 83, 84, 86, 88, 89, 93, 94, 95, 97, 98, 99, 100, 103}
Cluster 17:
Dense units: [{0: 0, 7: 6}, {0: 0, 7: 7}]
Dimensions: {0, 7}
Cluster size: 36
Data points:
{1, 65, 3, 67, 66, 68, 8, 73, 10, 9, 13, 77, 81, 18, 19, 84, 86, 24, 89, 90, 88, 28, 30, 97, 98, 99, 38, 103, 41, 105, 44, 51, 53, 54, 55, 58}
Cluster 18:
Dense units: [{0: 0, 7: 9}]
Dimensions: {0, 7}
Cluster size: 12
Data points:
{32, 33, 35, 5, 71, 40, 14, 15, 52, 22, 31, 95}
Cluster 19:
Dense units: [{1: 0, 2: 0}, {1: 0, 2: 1}, {1: 0, 2: 2}]
Dimensions: {1, 2}
Cluster size: 69
Data points:
{0, 1, 2, 3, 5, 7, 8, 9, 10, 11, 12, 13, 14, 15, 18, 20, 21, 22, 23, 24, 28, 30, 32, 35, 36, 40, 41, 43, 44, 47, 48, 49, 51, 52, 53, 54, 55, 56, 57, 58, 61, 65, 66, 67, 68, 71, 72, 73, 74, 75, 76, 77, 78, 81, 83, 84, 86, 87, 88, 89, 90, 94, 95, 97, 98, 99, 101, 103, 105}
Cluster 20:
Dense units: [{1: 0, 3: 0}]
Dimensions: {1, 3}
Cluster size: 76
Data points:
{0, 2, 3, 4, 5, 6, 7, 8, 9, 10, 11, 12, 13, 14, 15, 16, 17, 18, 19, 20, 21, 22, 23, 24, 28, 30, 32, 35, 36, 37, 38, 40, 41, 43, 44, 49, 51, 52, 53, 54, 55, 56, 57, 58, 63, 65, 66, 67, 68, 70, 71, 72, 73, 74, 75, 76, 77, 78, 79, 81, 82, 83, 84, 86, 88, 89, 90, 93, 94, 95, 97, 98, 99, 100, 103, 105}
Cluster 21:
Dense units: [{1: 0, 4: 0}]
Dimensions: {1, 4}
Cluster size: 83
Data points:
{0, 1, 2, 3, 4, 5, 6, 7, 8, 9, 10, 11, 12, 13, 14, 15, 16, 17, 18, 19, 20, 21, 22, 23, 24, 28, 30, 32, 34, 35, 36, 37, 38, 40, 41, 42, 43, 44, 48, 49, 51, 52, 53, 54, 56, 57, 59, 60, 63, 65, 66, 67, 68, 70, 71, 72, 73, 74, 75, 76, 77, 78, 79, 81, 82, 83, 84, 85, 86, 88, 89, 90, 91, 92, 93, 94, 95, 97, 99, 100, 102, 103, 105}
Cluster 22:
Dense units: [{1: 0, 5: 0}]
Dimensions: {1, 5}
Cluster size: 79
Data points:
{0, 1, 2, 3, 4, 5, 6, 7, 8, 9, 10, 11, 12, 13, 14, 15, 16, 17, 18, 19, 20, 21, 22, 23, 24, 28, 30, 32, 34, 35, 36, 37, 38, 40, 41, 43, 44, 48, 49, 51, 52, 53, 54, 55, 56, 57, 58, 63, 65, 66, 67, 68, 70, 71, 72, 73, 74, 75, 76, 77, 78, 79, 81, 82, 83, 84, 86, 88, 89, 90, 93, 94, 95, 97, 98, 99, 100, 103, 105}
Cluster 23:
Dense units: [{1: 0, 6: 0}, {1: 0, 6: 1}, {1: 0, 6: 2}, {1: 0, 6: 3}]
Dimensions: {1, 6}
Cluster size: 80
Data points:
{1, 2, 3, 4, 5, 6, 7, 8, 10, 11, 12, 13, 14, 15, 16, 17, 18, 19, 20, 22, 23, 28, 30, 34, 35, 36, 37, 38, 40, 41, 42, 44, 47, 48, 49, 50, 51, 52, 53, 54, 55, 56, 57, 58, 59, 60, 61, 65, 66, 67, 68, 70, 71, 72, 73, 74, 77, 78, 79, 81, 82, 83, 84, 85, 86, 87, 88, 89, 91, 92, 93, 94, 95, 97, 98, 99, 100, 101, 102, 103}
Cluster 24:
Dense units: [{1: 0, 7: 6}, {1: 0, 7: 7}]
Dimensions: {1, 7}
Cluster size: 36
Data points:
{1, 65, 3, 67, 66, 68, 8, 73, 10, 9, 13, 77, 81, 18, 19, 84, 86, 24, 89, 90, 88, 28, 30, 97, 98, 99, 38, 103, 41, 105, 44, 51, 53, 54, 55, 58}
Cluster 25:
Dense units: [{2: 0, 3: 0}]
Dimensions: {2, 3}
Cluster size: 48
Data points:
{0, 2, 3, 8, 9, 10, 13, 14, 18, 21, 22, 23, 28, 29, 30, 31, 32, 33, 35, 39, 40, 41, 43, 44, 49, 51, 52, 53, 54, 64, 65, 66, 68, 71, 72, 74, 77, 80, 81, 83, 86, 88, 90, 94, 95, 97, 103, 105}
Cluster 26:
Dense units: [{2: 0, 4: 0}]
Dimensions: {2, 4}
Cluster size: 45
Data points:
{0, 2, 3, 8, 9, 10, 13, 14, 18, 21, 22, 23, 28, 30, 31, 32, 33, 35, 40, 41, 43, 44, 48, 49, 51, 52, 53, 54, 65, 66, 68, 71, 72, 74, 77, 81, 83, 86, 88, 90, 94, 95, 97, 103, 105}
Cluster 27:
Dense units: [{2: 0, 5: 0}]
Dimensions: {2, 5}
Cluster size: 46
Data points:
{0, 2, 3, 8, 9, 10, 13, 14, 18, 21, 22, 23, 28, 29, 30, 31, 32, 33, 35, 40, 41, 43, 44, 48, 49, 51, 52, 53, 54, 65, 66, 68, 71, 72, 74, 77, 81, 83, 86, 88, 90, 94, 95, 97, 103, 105}
Cluster 28:
Dense units: [{2: 0, 6: 1}, {2: 0, 6: 2}, {2: 1, 6: 1}]
Dimensions: {2, 6}
Cluster size: 48
Data points:
{3, 10, 13, 14, 15, 22, 23, 25, 26, 27, 28, 29, 30, 35, 39, 44, 45, 46, 48, 49, 52, 53, 54, 55, 58, 61, 62, 64, 68, 69, 71, 74, 77, 78, 80, 81, 83, 84, 86, 88, 94, 95, 96, 97, 98, 103, 104, 106}
Cluster 29:
Dense units: [{2: 0, 7: 7}]
Dimensions: {2, 7}
Cluster size: 19
Data points:
{64, 65, 66, 68, 8, 9, 13, 77, 81, 18, 88, 25, 90, 27, 29, 30, 96, 44, 51}
Cluster 30:
Dense units: [{2: 0, 7: 9}]
Dimensions: {2, 7}
Cluster size: 11
Data points:
{32, 33, 35, 39, 40, 71, 14, 52, 22, 31, 95}
Cluster 31:
Dense units: [{2: 2, 3: 0}]
Dimensions: {2, 3}
Cluster size: 11
Data points:
{67, 99, 7, 73, 11, 12, 75, 24, 89, 56, 57}
Cluster 32:
Dense units: [{2: 2, 4: 0}]
Dimensions: {2, 4}
Cluster size: 12
Data points:
{1, 67, 99, 7, 73, 11, 12, 75, 24, 89, 56, 57}
Cluster 33:
Dense units: [{2: 2, 5: 0}]
Dimensions: {2, 5}
Cluster size: 12
Data points:
{1, 67, 99, 7, 73, 11, 12, 75, 24, 89, 56, 57}
Cluster 34:
Dense units: [{3: 0, 4: 0}]
Dimensions: {3, 4}
Cluster size: 75
Data points:
{0, 2, 3, 4, 5, 6, 7, 8, 9, 10, 11, 12, 13, 14, 15, 16, 17, 18, 19, 20, 21, 22, 23, 24, 28, 30, 31, 32, 33, 35, 36, 37, 38, 40, 41, 43, 44, 49, 51, 52, 53, 54, 56, 57, 63, 65, 66, 67, 68, 70, 71, 72, 73, 74, 75, 76, 77, 78, 79, 81, 82, 83, 84, 86, 88, 89, 90, 93, 94, 95, 97, 99, 100, 103, 105}
Cluster 35:
Dense units: [{3: 0, 5: 0}]
Dimensions: {3, 5}
Cluster size: 79
Data points:
{0, 2, 3, 4, 5, 6, 7, 8, 9, 10, 11, 12, 13, 14, 15, 16, 17, 18, 19, 20, 21, 22, 23, 24, 28, 29, 30, 31, 32, 33, 35, 36, 37, 38, 40, 41, 43, 44, 49, 51, 52, 53, 54, 55, 56, 57, 58, 63, 65, 66, 67, 68, 70, 71, 72, 73, 74, 75, 76, 77, 78, 79, 81, 82, 83, 84, 86, 88, 89, 90, 93, 94, 95, 97, 98, 99, 100, 103, 105}
Cluster 36:
Dense units: [{3: 0, 6: 0}, {3: 0, 6: 1}, {3: 0, 6: 2}, {3: 0, 6: 3}]
Dimensions: {3, 6}
Cluster size: 71
Data points:
{2, 3, 4, 5, 6, 7, 8, 10, 11, 12, 13, 14, 15, 16, 17, 18, 19, 20, 22, 23, 28, 29, 30, 31, 33, 35, 36, 37, 38, 39, 40, 41, 44, 49, 51, 52, 53, 54, 55, 56, 57, 58, 64, 65, 66, 67, 68, 70, 71, 72, 73, 74, 77, 78, 79, 80, 81, 82, 83, 84, 86, 88, 89, 93, 94, 95, 97, 98, 99, 100, 103}
Cluster 37:
Dense units: [{3: 0, 7: 6}, {3: 0, 7: 7}]
Dimensions: {3, 7}
Cluster size: 37
Data points:
{64, 65, 66, 3, 67, 68, 8, 73, 10, 9, 13, 77, 81, 18, 19, 84, 86, 24, 89, 88, 90, 28, 29, 30, 97, 98, 99, 38, 103, 41, 105, 44, 51, 53, 54, 55, 58}
Cluster 38:
Dense units: [{3: 0, 7: 9}]
Dimensions: {3, 7}
Cluster size: 13
Data points:
{32, 33, 35, 5, 39, 40, 71, 14, 15, 52, 22, 31, 95}
Cluster 39:
Dense units: [{4: 0, 5: 0}]
Dimensions: {4, 5}
Cluster size: 78
Data points:
{0, 1, 2, 3, 4, 5, 6, 7, 8, 9, 10, 11, 12, 13, 14, 15, 16, 17, 18, 19, 20, 21, 22, 23, 24, 28, 30, 31, 32, 33, 34, 35, 36, 37, 38, 40, 41, 43, 44, 48, 49, 51, 52, 53, 54, 56, 57, 63, 65, 66, 67, 68, 70, 71, 72, 73, 74, 75, 76, 77, 78, 79, 81, 82, 83, 84, 86, 88, 89, 90, 93, 94, 95, 97, 99, 100, 103, 105}
Cluster 40:
Dense units: [{4: 0, 6: 0}, {4: 0, 6: 1}, {4: 0, 6: 2}, {4: 0, 6: 3}]
Dimensions: {4, 6}
Cluster size: 74
Data points:
{1, 2, 3, 4, 5, 6, 7, 8, 10, 11, 12, 13, 14, 15, 16, 17, 18, 19, 20, 22, 23, 28, 30, 31, 33, 34, 35, 36, 37, 38, 40, 41, 42, 44, 48, 49, 51, 52, 53, 54, 56, 57, 59, 60, 65, 66, 67, 68, 70, 71, 72, 73, 74, 77, 78, 79, 81, 82, 83, 84, 85, 86, 88, 89, 91, 92, 93, 94, 95, 97, 99, 100, 102, 103}
Cluster 41:
Dense units: [{4: 0, 7: 6}, {4: 0, 7: 7}]
Dimensions: {4, 7}
Cluster size: 33
Data points:
{1, 65, 3, 67, 66, 68, 8, 73, 10, 9, 13, 77, 81, 18, 19, 84, 86, 24, 89, 88, 90, 28, 30, 97, 99, 38, 103, 41, 105, 44, 51, 53, 54}
Cluster 42:
Dense units: [{4: 0, 7: 9}]
Dimensions: {4, 7}
Cluster size: 12
Data points:
{32, 33, 35, 5, 71, 40, 14, 15, 52, 22, 31, 95}
Cluster 43:
Dense units: [{5: 0, 6: 0}, {5: 0, 6: 1}, {5: 0, 6: 2}, {5: 0, 6: 3}]
Dimensions: {5, 6}
Cluster size: 71
Data points:
{1, 2, 3, 4, 5, 6, 7, 8, 10, 11, 12, 13, 14, 15, 16, 17, 18, 19, 20, 22, 23, 28, 29, 30, 31, 33, 34, 35, 36, 37, 38, 40, 41, 44, 48, 49, 51, 52, 53, 54, 55, 56, 57, 58, 65, 66, 67, 68, 70, 71, 72, 73, 74, 77, 78, 79, 81, 82, 83, 84, 86, 88, 89, 93, 94, 95, 97, 98, 99, 100, 103}
Cluster 44:
Dense units: [{5: 0, 7: 6}, {5: 0, 7: 7}]
Dimensions: {5, 7}
Cluster size: 37
Data points:
{1, 65, 3, 67, 66, 68, 8, 73, 10, 9, 13, 77, 81, 18, 19, 84, 86, 24, 89, 88, 90, 28, 29, 30, 97, 98, 99, 38, 103, 41, 105, 44, 51, 53, 54, 55, 58}
Cluster 45:
Dense units: [{5: 0, 7: 9}]
Dimensions: {5, 7}
Cluster size: 12
Data points:
{32, 33, 35, 5, 71, 40, 14, 15, 52, 22, 31, 95}
Cluster 46:
Dense units: [{6: 1, 7: 7}]
Dimensions: {6, 7}
Cluster size: 12
Data points:
{64, 96, 98, 68, 104, 84, 55, 88, 25, 58, 27, 30}
Cluster 47:
Dense units: [{0: 0, 1: 0, 2: 0}]
Dimensions: {0, 1, 2}
Cluster size: 43
Data points:
{0, 2, 3, 8, 9, 10, 13, 14, 18, 21, 22, 23, 28, 30, 32, 35, 40, 41, 43, 44, 48, 49, 51, 52, 53, 54, 65, 66, 68, 71, 72, 74, 77, 81, 83, 86, 88, 90, 94, 95, 97, 103, 105}
Cluster 48:
Dense units: [{0: 0, 1: 0, 2: 2}]
Dimensions: {0, 1, 2}
Cluster size: 12
Data points:
{1, 99, 67, 7, 73, 11, 12, 75, 24, 89, 56, 57}
Cluster 49:
Dense units: [{0: 0, 1: 0, 3: 0}]
Dimensions: {0, 1, 3}
Cluster size: 76
Data points:
{0, 2, 3, 4, 5, 6, 7, 8, 9, 10, 11, 12, 13, 14, 15, 16, 17, 18, 19, 20, 21, 22, 23, 24, 28, 30, 32, 35, 36, 37, 38, 40, 41, 43, 44, 49, 51, 52, 53, 54, 55, 56, 57, 58, 63, 65, 66, 67, 68, 70, 71, 72, 73, 74, 75, 76, 77, 78, 79, 81, 82, 83, 84, 86, 88, 89, 90, 93, 94, 95, 97, 98, 99, 100, 103, 105}
Cluster 50:
Dense units: [{0: 0, 1: 0, 4: 0}]
Dimensions: {0, 1, 4}
Cluster size: 78
Data points:
{0, 1, 2, 3, 4, 5, 6, 7, 8, 9, 10, 11, 12, 13, 14, 15, 16, 17, 18, 19, 20, 21, 22, 23, 24, 28, 30, 32, 34, 35, 36, 37, 38, 40, 41, 42, 43, 44, 48, 49, 51, 52, 53, 54, 56, 57, 60, 63, 65, 66, 67, 68, 70, 71, 72, 73, 74, 75, 76, 77, 78, 79, 81, 82, 83, 84, 86, 88, 89, 90, 93, 94, 95, 97, 99, 100, 103, 105}
Cluster 51:
Dense units: [{0: 0, 1: 0, 5: 0}]
Dimensions: {0, 1, 5}
Cluster size: 79
Data points:
{0, 1, 2, 3, 4, 5, 6, 7, 8, 9, 10, 11, 12, 13, 14, 15, 16, 17, 18, 19, 20, 21, 22, 23, 24, 28, 30, 32, 34, 35, 36, 37, 38, 40, 41, 43, 44, 48, 49, 51, 52, 53, 54, 55, 56, 57, 58, 63, 65, 66, 67, 68, 70, 71, 72, 73, 74, 75, 76, 77, 78, 79, 81, 82, 83, 84, 86, 88, 89, 90, 93, 94, 95, 97, 98, 99, 100, 103, 105}
Cluster 52:
Dense units: [{0: 0, 1: 0, 6: 0}, {0: 0, 1: 0, 6: 1}, {0: 0, 1: 0, 6: 2}, {0: 0, 1: 0, 6: 3}]
Dimensions: {0, 1, 6}
Cluster size: 70
Data points:
{1, 2, 3, 4, 5, 6, 7, 8, 10, 11, 12, 13, 14, 15, 16, 17, 18, 19, 20, 22, 23, 28, 30, 34, 35, 36, 37, 38, 40, 41, 42, 44, 48, 49, 51, 52, 53, 54, 55, 56, 57, 58, 60, 65, 66, 67, 68, 70, 71, 72, 73, 74, 77, 78, 79, 81, 82, 83, 84, 86, 88, 89, 93, 94, 95, 97, 98, 99, 100, 103}
Cluster 53:
Dense units: [{0: 0, 1: 0, 7: 6}, {0: 0, 1: 0, 7: 7}]
Dimensions: {0, 1, 7}
Cluster size: 36
Data points:
{1, 65, 3, 67, 66, 68, 8, 73, 10, 9, 13, 77, 81, 18, 19, 84, 86, 24, 89, 90, 88, 28, 30, 97, 98, 99, 38, 103, 41, 105, 44, 51, 53, 54, 55, 58}
Cluster 54:
Dense units: [{0: 0, 2: 0, 3: 0}]
Dimensions: {0, 2, 3}
Cluster size: 44
Data points:
{0, 2, 3, 8, 9, 10, 13, 14, 18, 21, 22, 23, 28, 30, 31, 32, 33, 35, 40, 41, 43, 44, 49, 51, 52, 53, 54, 65, 66, 68, 71, 72, 74, 77, 81, 83, 86, 88, 90, 94, 95, 97, 103, 105}
Cluster 55:
Dense units: [{0: 0, 2: 0, 4: 0}]
Dimensions: {0, 2, 4}
Cluster size: 45
Data points:
{0, 2, 3, 8, 9, 10, 13, 14, 18, 21, 22, 23, 28, 30, 31, 32, 33, 35, 40, 41, 43, 44, 48, 49, 51, 52, 53, 54, 65, 66, 68, 71, 72, 74, 77, 81, 83, 86, 88, 90, 94, 95, 97, 103, 105}
Cluster 56:
Dense units: [{0: 0, 2: 0, 5: 0}]
Dimensions: {0, 2, 5}
Cluster size: 45
Data points:
{0, 2, 3, 8, 9, 10, 13, 14, 18, 21, 22, 23, 28, 30, 31, 32, 33, 35, 40, 41, 43, 44, 48, 49, 51, 52, 53, 54, 65, 66, 68, 71, 72, 74, 77, 81, 83, 86, 88, 90, 94, 95, 97, 103, 105}
Cluster 57:
Dense units: [{0: 0, 2: 0, 6: 1}, {0: 0, 2: 0, 6: 2}]
Dimensions: {0, 2, 6}
Cluster size: 27
Data points:
{3, 68, 71, 10, 74, 13, 14, 77, 81, 83, 22, 23, 86, 88, 28, 30, 94, 95, 97, 35, 103, 44, 48, 49, 52, 53, 54}
Cluster 58:
Dense units: [{0: 0, 2: 0, 7: 7}]
Dimensions: {0, 2, 7}
Cluster size: 14
Data points:
{65, 66, 68, 8, 9, 44, 13, 77, 81, 18, 51, 88, 90, 30}
Cluster 59:
Dense units: [{0: 0, 2: 2, 3: 0}]
Dimensions: {0, 2, 3}
Cluster size: 11
Data points:
{67, 99, 7, 73, 11, 12, 75, 24, 89, 56, 57}
Cluster 60:
Dense units: [{0: 0, 2: 2, 4: 0}]
Dimensions: {0, 2, 4}
Cluster size: 12
Data points:
{1, 67, 99, 7, 73, 11, 12, 75, 24, 89, 56, 57}
Cluster 61:
Dense units: [{0: 0, 2: 2, 5: 0}]
Dimensions: {0, 2, 5}
Cluster size: 12
Data points:
{1, 67, 99, 7, 73, 11, 12, 75, 24, 89, 56, 57}
Cluster 62:
Dense units: [{0: 0, 3: 0, 4: 0}]
Dimensions: {0, 3, 4}
Cluster size: 75
Data points:
{0, 2, 3, 4, 5, 6, 7, 8, 9, 10, 11, 12, 13, 14, 15, 16, 17, 18, 19, 20, 21, 22, 23, 24, 28, 30, 31, 32, 33, 35, 36, 37, 38, 40, 41, 43, 44, 49, 51, 52, 53, 54, 56, 57, 63, 65, 66, 67, 68, 70, 71, 72, 73, 74, 75, 76, 77, 78, 79, 81, 82, 83, 84, 86, 88, 89, 90, 93, 94, 95, 97, 99, 100, 103, 105}
Cluster 63:
Dense units: [{0: 0, 3: 0, 5: 0}]
Dimensions: {0, 3, 5}
Cluster size: 78
Data points:
{0, 2, 3, 4, 5, 6, 7, 8, 9, 10, 11, 12, 13, 14, 15, 16, 17, 18, 19, 20, 21, 22, 23, 24, 28, 30, 31, 32, 33, 35, 36, 37, 38, 40, 41, 43, 44, 49, 51, 52, 53, 54, 55, 56, 57, 58, 63, 65, 66, 67, 68, 70, 71, 72, 73, 74, 75, 76, 77, 78, 79, 81, 82, 83, 84, 86, 88, 89, 90, 93, 94, 95, 97, 98, 99, 100, 103, 105}
Cluster 64:
Dense units: [{0: 0, 3: 0, 6: 0}, {0: 0, 3: 0, 6: 1}, {0: 0, 3: 0, 6: 2}, {0: 0, 3: 0, 6: 3}]
Dimensions: {0, 3, 6}
Cluster size: 67
Data points:
{2, 3, 4, 5, 6, 7, 8, 10, 11, 12, 13, 14, 15, 16, 17, 18, 19, 20, 22, 23, 28, 30, 31, 33, 35, 36, 37, 38, 40, 41, 44, 49, 51, 52, 53, 54, 55, 56, 57, 58, 65, 66, 67, 68, 70, 71, 72, 73, 74, 77, 78, 79, 81, 82, 83, 84, 86, 88, 89, 93, 94, 95, 97, 98, 99, 100, 103}
Cluster 65:
Dense units: [{0: 0, 3: 0, 7: 6}, {0: 0, 3: 0, 7: 7}]
Dimensions: {0, 3, 7}
Cluster size: 35
Data points:
{65, 66, 3, 67, 68, 8, 73, 10, 9, 13, 77, 81, 18, 19, 84, 86, 24, 89, 90, 88, 28, 30, 97, 98, 99, 38, 103, 41, 105, 44, 51, 53, 54, 55, 58}
Cluster 66:
Dense units: [{0: 0, 3: 0, 7: 9}]
Dimensions: {0, 3, 7}
Cluster size: 12
Data points:
{32, 33, 35, 5, 71, 40, 14, 15, 52, 22, 31, 95}
Cluster 67:
Dense units: [{0: 0, 4: 0, 5: 0}]
Dimensions: {0, 4, 5}
Cluster size: 78
Data points:
{0, 1, 2, 3, 4, 5, 6, 7, 8, 9, 10, 11, 12, 13, 14, 15, 16, 17, 18, 19, 20, 21, 22, 23, 24, 28, 30, 31, 32, 33, 34, 35, 36, 37, 38, 40, 41, 43, 44, 48, 49, 51, 52, 53, 54, 56, 57, 63, 65, 66, 67, 68, 70, 71, 72, 73, 74, 75, 76, 77, 78, 79, 81, 82, 83, 84, 86, 88, 89, 90, 93, 94, 95, 97, 99, 100, 103, 105}
Cluster 68:
Dense units: [{0: 0, 4: 0, 6: 0}, {0: 0, 4: 0, 6: 1}, {0: 0, 4: 0, 6: 2}, {0: 0, 4: 0, 6: 3}]
Dimensions: {0, 4, 6}
Cluster size: 69
Data points:
{1, 2, 3, 4, 5, 6, 7, 8, 10, 11, 12, 13, 14, 15, 16, 17, 18, 19, 20, 22, 23, 28, 30, 31, 33, 34, 35, 36, 37, 38, 40, 41, 42, 44, 48, 49, 51, 52, 53, 54, 56, 57, 60, 65, 66, 67, 68, 70, 71, 72, 73, 74, 77, 78, 79, 81, 82, 83, 84, 86, 88, 89, 93, 94, 95, 97, 99, 100, 103}
Cluster 69:
Dense units: [{0: 0, 4: 0, 7: 6}, {0: 0, 4: 0, 7: 7}]
Dimensions: {0, 4, 7}
Cluster size: 33
Data points:
{1, 65, 3, 67, 66, 68, 8, 73, 10, 9, 13, 77, 81, 18, 19, 84, 86, 24, 89, 88, 90, 28, 30, 97, 99, 38, 103, 41, 105, 44, 51, 53, 54}
Cluster 70:
Dense units: [{0: 0, 4: 0, 7: 9}]
Dimensions: {0, 4, 7}
Cluster size: 12
Data points:
{32, 33, 35, 5, 71, 40, 14, 15, 52, 22, 31, 95}
Cluster 71:
Dense units: [{0: 0, 5: 0, 6: 0}, {0: 0, 5: 0, 6: 1}, {0: 0, 5: 0, 6: 2}, {0: 0, 5: 0, 6: 3}]
Dimensions: {0, 5, 6}
Cluster size: 70
Data points:
{1, 2, 3, 4, 5, 6, 7, 8, 10, 11, 12, 13, 14, 15, 16, 17, 18, 19, 20, 22, 23, 28, 30, 31, 33, 34, 35, 36, 37, 38, 40, 41, 44, 48, 49, 51, 52, 53, 54, 55, 56, 57, 58, 65, 66, 67, 68, 70, 71, 72, 73, 74, 77, 78, 79, 81, 82, 83, 84, 86, 88, 89, 93, 94, 95, 97, 98, 99, 100, 103}
Cluster 72:
Dense units: [{0: 0, 5: 0, 7: 6}, {0: 0, 5: 0, 7: 7}]
Dimensions: {0, 5, 7}
Cluster size: 36
Data points:
{1, 65, 3, 67, 66, 68, 8, 73, 10, 9, 13, 77, 81, 18, 19, 84, 86, 24, 89, 90, 88, 28, 30, 97, 98, 99, 38, 103, 41, 105, 44, 51, 53, 54, 55, 58}
Cluster 73:
Dense units: [{0: 0, 5: 0, 7: 9}]
Dimensions: {0, 5, 7}
Cluster size: 12
Data points:
{32, 33, 35, 5, 71, 40, 14, 15, 52, 22, 31, 95}
Cluster 74:
Dense units: [{1: 0, 2: 0, 3: 0}]
Dimensions: {1, 2, 3}
Cluster size: 42
Data points:
{0, 2, 3, 8, 9, 10, 13, 14, 18, 21, 22, 23, 28, 30, 32, 35, 40, 41, 43, 44, 49, 51, 52, 53, 54, 65, 66, 68, 71, 72, 74, 77, 81, 83, 86, 88, 90, 94, 95, 97, 103, 105}
Cluster 75:
Dense units: [{1: 0, 2: 0, 4: 0}]
Dimensions: {1, 2, 4}
Cluster size: 43
Data points:
{0, 2, 3, 8, 9, 10, 13, 14, 18, 21, 22, 23, 28, 30, 32, 35, 40, 41, 43, 44, 48, 49, 51, 52, 53, 54, 65, 66, 68, 71, 72, 74, 77, 81, 83, 86, 88, 90, 94, 95, 97, 103, 105}
Cluster 76:
Dense units: [{1: 0, 2: 0, 5: 0}]
Dimensions: {1, 2, 5}
Cluster size: 43
Data points:
{0, 2, 3, 8, 9, 10, 13, 14, 18, 21, 22, 23, 28, 30, 32, 35, 40, 41, 43, 44, 48, 49, 51, 52, 53, 54, 65, 66, 68, 71, 72, 74, 77, 81, 83, 86, 88, 90, 94, 95, 97, 103, 105}
Cluster 77:
Dense units: [{1: 0, 2: 0, 6: 1}, {1: 0, 2: 0, 6: 2}]
Dimensions: {1, 2, 6}
Cluster size: 27
Data points:
{3, 68, 71, 10, 74, 13, 14, 77, 81, 83, 22, 23, 86, 88, 28, 30, 94, 95, 97, 35, 103, 44, 48, 49, 52, 53, 54}
Cluster 78:
Dense units: [{1: 0, 2: 0, 7: 7}]
Dimensions: {1, 2, 7}
Cluster size: 14
Data points:
{65, 66, 68, 8, 9, 44, 13, 77, 81, 18, 51, 88, 90, 30}
Cluster 79:
Dense units: [{1: 0, 2: 2, 3: 0}]
Dimensions: {1, 2, 3}
Cluster size: 11
Data points:
{67, 99, 7, 73, 11, 12, 75, 24, 89, 56, 57}
Cluster 80:
Dense units: [{1: 0, 2: 2, 4: 0}]
Dimensions: {1, 2, 4}
Cluster size: 12
Data points:
{1, 67, 99, 7, 73, 11, 12, 75, 24, 89, 56, 57}
Cluster 81:
Dense units: [{1: 0, 2: 2, 5: 0}]
Dimensions: {1, 2, 5}
Cluster size: 12
Data points:
{1, 67, 99, 7, 73, 11, 12, 75, 24, 89, 56, 57}
Cluster 82:
Dense units: [{1: 0, 3: 0, 4: 0}]
Dimensions: {1, 3, 4}
Cluster size: 73
Data points:
{0, 2, 3, 4, 5, 6, 7, 8, 9, 10, 11, 12, 13, 14, 15, 16, 17, 18, 19, 20, 21, 22, 23, 24, 28, 30, 32, 35, 36, 37, 38, 40, 41, 43, 44, 49, 51, 52, 53, 54, 56, 57, 63, 65, 66, 67, 68, 70, 71, 72, 73, 74, 75, 76, 77, 78, 79, 81, 82, 83, 84, 86, 88, 89, 90, 93, 94, 95, 97, 99, 100, 103, 105}
Cluster 83:
Dense units: [{1: 0, 3: 0, 5: 0}]
Dimensions: {1, 3, 5}
Cluster size: 76
Data points:
{0, 2, 3, 4, 5, 6, 7, 8, 9, 10, 11, 12, 13, 14, 15, 16, 17, 18, 19, 20, 21, 22, 23, 24, 28, 30, 32, 35, 36, 37, 38, 40, 41, 43, 44, 49, 51, 52, 53, 54, 55, 56, 57, 58, 63, 65, 66, 67, 68, 70, 71, 72, 73, 74, 75, 76, 77, 78, 79, 81, 82, 83, 84, 86, 88, 89, 90, 93, 94, 95, 97, 98, 99, 100, 103, 105}
Cluster 84:
Dense units: [{1: 0, 3: 0, 6: 0}, {1: 0, 3: 0, 6: 1}, {1: 0, 3: 0, 6: 2}, {1: 0, 3: 0, 6: 3}]
Dimensions: {1, 3, 6}
Cluster size: 65
Data points:
{2, 3, 4, 5, 6, 7, 8, 10, 11, 12, 13, 14, 15, 16, 17, 18, 19, 20, 22, 23, 28, 30, 35, 36, 37, 38, 40, 41, 44, 49, 51, 52, 53, 54, 55, 56, 57, 58, 65, 66, 67, 68, 70, 71, 72, 73, 74, 77, 78, 79, 81, 82, 83, 84, 86, 88, 89, 93, 94, 95, 97, 98, 99, 100, 103}
Cluster 85:
Dense units: [{1: 0, 3: 0, 7: 6}, {1: 0, 3: 0, 7: 7}]
Dimensions: {1, 3, 7}
Cluster size: 35
Data points:
{65, 66, 3, 67, 68, 8, 73, 10, 9, 13, 77, 81, 18, 19, 84, 86, 24, 89, 90, 88, 28, 30, 97, 98, 99, 38, 103, 41, 105, 44, 51, 53, 54, 55, 58}
Cluster 86:
Dense units: [{1: 0, 4: 0, 5: 0}]
Dimensions: {1, 4, 5}
Cluster size: 76
Data points:
{0, 1, 2, 3, 4, 5, 6, 7, 8, 9, 10, 11, 12, 13, 14, 15, 16, 17, 18, 19, 20, 21, 22, 23, 24, 28, 30, 32, 34, 35, 36, 37, 38, 40, 41, 43, 44, 48, 49, 51, 52, 53, 54, 56, 57, 63, 65, 66, 67, 68, 70, 71, 72, 73, 74, 75, 76, 77, 78, 79, 81, 82, 83, 84, 86, 88, 89, 90, 93, 94, 95, 97, 99, 100, 103, 105}
Cluster 87:
Dense units: [{1: 0, 4: 0, 6: 0}, {1: 0, 4: 0, 6: 1}, {1: 0, 4: 0, 6: 2}, {1: 0, 4: 0, 6: 3}]
Dimensions: {1, 4, 6}
Cluster size: 72
Data points:
{1, 2, 3, 4, 5, 6, 7, 8, 10, 11, 12, 13, 14, 15, 16, 17, 18, 19, 20, 22, 23, 28, 30, 34, 35, 36, 37, 38, 40, 41, 42, 44, 48, 49, 51, 52, 53, 54, 56, 57, 59, 60, 65, 66, 67, 68, 70, 71, 72, 73, 74, 77, 78, 79, 81, 82, 83, 84, 85, 86, 88, 89, 91, 92, 93, 94, 95, 97, 99, 100, 102, 103}
Cluster 88:
Dense units: [{1: 0, 4: 0, 7: 6}, {1: 0, 4: 0, 7: 7}]
Dimensions: {1, 4, 7}
Cluster size: 33
Data points:
{1, 65, 3, 67, 66, 68, 8, 73, 10, 9, 13, 77, 81, 18, 19, 84, 86, 24, 89, 88, 90, 28, 30, 97, 99, 38, 103, 41, 105, 44, 51, 53, 54}
Cluster 89:
Dense units: [{1: 0, 5: 0, 6: 0}, {1: 0, 5: 0, 6: 1}, {1: 0, 5: 0, 6: 2}, {1: 0, 5: 0, 6: 3}]
Dimensions: {1, 5, 6}
Cluster size: 68
Data points:
{1, 2, 3, 4, 5, 6, 7, 8, 10, 11, 12, 13, 14, 15, 16, 17, 18, 19, 20, 22, 23, 28, 30, 34, 35, 36, 37, 38, 40, 41, 44, 48, 49, 51, 52, 53, 54, 55, 56, 57, 58, 65, 66, 67, 68, 70, 71, 72, 73, 74, 77, 78, 79, 81, 82, 83, 84, 86, 88, 89, 93, 94, 95, 97, 98, 99, 100, 103}
Cluster 90:
Dense units: [{1: 0, 5: 0, 7: 6}, {1: 0, 5: 0, 7: 7}]
Dimensions: {1, 5, 7}
Cluster size: 36
Data points:
{1, 65, 3, 67, 66, 68, 8, 73, 10, 9, 13, 77, 81, 18, 19, 84, 86, 24, 89, 90, 88, 28, 30, 97, 98, 99, 38, 103, 41, 105, 44, 51, 53, 54, 55, 58}
Cluster 91:
Dense units: [{2: 0, 3: 0, 4: 0}]
Dimensions: {2, 3, 4}
Cluster size: 44
Data points:
{0, 2, 3, 8, 9, 10, 13, 14, 18, 21, 22, 23, 28, 30, 31, 32, 33, 35, 40, 41, 43, 44, 49, 51, 52, 53, 54, 65, 66, 68, 71, 72, 74, 77, 81, 83, 86, 88, 90, 94, 95, 97, 103, 105}
Cluster 92:
Dense units: [{2: 0, 3: 0, 5: 0}]
Dimensions: {2, 3, 5}
Cluster size: 45
Data points:
{0, 2, 3, 8, 9, 10, 13, 14, 18, 21, 22, 23, 28, 29, 30, 31, 32, 33, 35, 40, 41, 43, 44, 49, 51, 52, 53, 54, 65, 66, 68, 71, 72, 74, 77, 81, 83, 86, 88, 90, 94, 95, 97, 103, 105}
Cluster 93:
Dense units: [{2: 0, 3: 0, 6: 1}, {2: 0, 3: 0, 6: 2}]
Dimensions: {2, 3, 6}
Cluster size: 30
Data points:
{64, 3, 68, 71, 10, 74, 13, 14, 77, 80, 81, 83, 22, 23, 86, 88, 28, 29, 30, 94, 95, 97, 35, 39, 103, 44, 49, 52, 53, 54}
Cluster 94:
Dense units: [{2: 0, 3: 0, 7: 7}]
Dimensions: {2, 3, 7}
Cluster size: 16
Data points:
{64, 65, 66, 68, 8, 9, 13, 77, 81, 18, 88, 90, 29, 30, 44, 51}
Cluster 95:
Dense units: [{2: 0, 3: 0, 7: 9}]
Dimensions: {2, 3, 7}
Cluster size: 11
Data points:
{32, 33, 35, 39, 40, 71, 14, 52, 22, 31, 95}
Cluster 96:
Dense units: [{2: 2, 3: 0, 4: 0}]
Dimensions: {2, 3, 4}
Cluster size: 11
Data points:
{99, 67, 7, 73, 11, 12, 75, 24, 89, 56, 57}
Cluster 97:
Dense units: [{2: 2, 3: 0, 5: 0}]
Dimensions: {2, 3, 5}
Cluster size: 11
Data points:
{99, 67, 7, 73, 11, 12, 75, 24, 89, 56, 57}
Cluster 98:
Dense units: [{2: 0, 4: 0, 5: 0}]
Dimensions: {2, 4, 5}
Cluster size: 45
Data points:
{0, 2, 3, 8, 9, 10, 13, 14, 18, 21, 22, 23, 28, 30, 31, 32, 33, 35, 40, 41, 43, 44, 48, 49, 51, 52, 53, 54, 65, 66, 68, 71, 72, 74, 77, 81, 83, 86, 88, 90, 94, 95, 97, 103, 105}
Cluster 99:
Dense units: [{2: 0, 4: 0, 6: 1}, {2: 0, 4: 0, 6: 2}]
Dimensions: {2, 4, 6}
Cluster size: 27
Data points:
{3, 68, 71, 10, 74, 13, 14, 77, 81, 83, 22, 23, 86, 88, 28, 30, 94, 95, 97, 35, 103, 44, 48, 49, 52, 53, 54}
Cluster 100:
Dense units: [{2: 0, 4: 0, 7: 7}]
Dimensions: {2, 4, 7}
Cluster size: 14
Data points:
{65, 66, 68, 8, 9, 44, 13, 77, 81, 18, 51, 88, 90, 30}
Cluster 101:
Dense units: [{2: 2, 4: 0, 5: 0}]
Dimensions: {2, 4, 5}
Cluster size: 12
Data points:
{1, 99, 67, 7, 73, 11, 12, 75, 24, 89, 56, 57}
Cluster 102:
Dense units: [{2: 0, 5: 0, 6: 1}, {2: 0, 5: 0, 6: 2}]
Dimensions: {2, 5, 6}
Cluster size: 28
Data points:
{3, 68, 71, 10, 74, 13, 14, 77, 81, 83, 22, 23, 86, 88, 28, 29, 30, 94, 95, 97, 35, 103, 44, 48, 49, 52, 53, 54}
Cluster 103:
Dense units: [{2: 0, 5: 0, 7: 7}]
Dimensions: {2, 5, 7}
Cluster size: 15
Data points:
{65, 66, 68, 8, 9, 44, 13, 77, 81, 18, 51, 88, 90, 29, 30}
Cluster 104:
Dense units: [{3: 0, 4: 0, 5: 0}]
Dimensions: {3, 4, 5}
Cluster size: 75
Data points:
{0, 2, 3, 4, 5, 6, 7, 8, 9, 10, 11, 12, 13, 14, 15, 16, 17, 18, 19, 20, 21, 22, 23, 24, 28, 30, 31, 32, 33, 35, 36, 37, 38, 40, 41, 43, 44, 49, 51, 52, 53, 54, 56, 57, 63, 65, 66, 67, 68, 70, 71, 72, 73, 74, 75, 76, 77, 78, 79, 81, 82, 83, 84, 86, 88, 89, 90, 93, 94, 95, 97, 99, 100, 103, 105}
Cluster 105:
Dense units: [{3: 0, 4: 0, 6: 0}, {3: 0, 4: 0, 6: 1}, {3: 0, 4: 0, 6: 2}, {3: 0, 4: 0, 6: 3}]
Dimensions: {3, 4, 6}
Cluster size: 64
Data points:
{2, 3, 4, 5, 6, 7, 8, 10, 11, 12, 13, 14, 15, 16, 17, 18, 19, 20, 22, 23, 28, 30, 31, 33, 35, 36, 37, 38, 40, 41, 44, 49, 51, 52, 53, 54, 56, 57, 65, 66, 67, 68, 70, 71, 72, 73, 74, 77, 78, 79, 81, 82, 83, 84, 86, 88, 89, 93, 94, 95, 97, 99, 100, 103}
Cluster 106:
Dense units: [{3: 0, 4: 0, 7: 6}, {3: 0, 4: 0, 7: 7}]
Dimensions: {3, 4, 7}
Cluster size: 32
Data points:
{65, 66, 3, 67, 68, 8, 73, 10, 9, 13, 77, 81, 18, 19, 84, 86, 24, 89, 88, 90, 28, 30, 97, 99, 38, 103, 41, 105, 44, 51, 53, 54}
Cluster 107:
Dense units: [{3: 0, 4: 0, 7: 9}]
Dimensions: {3, 4, 7}
Cluster size: 12
Data points:
{32, 33, 35, 5, 71, 40, 14, 15, 52, 22, 31, 95}
Cluster 108:
Dense units: [{3: 0, 5: 0, 6: 0}, {3: 0, 5: 0, 6: 1}, {3: 0, 5: 0, 6: 2}, {3: 0, 5: 0, 6: 3}]
Dimensions: {3, 5, 6}
Cluster size: 68
Data points:
{2, 3, 4, 5, 6, 7, 8, 10, 11, 12, 13, 14, 15, 16, 17, 18, 19, 20, 22, 23, 28, 29, 30, 31, 33, 35, 36, 37, 38, 40, 41, 44, 49, 51, 52, 53, 54, 55, 56, 57, 58, 65, 66, 67, 68, 70, 71, 72, 73, 74, 77, 78, 79, 81, 82, 83, 84, 86, 88, 89, 93, 94, 95, 97, 98, 99, 100, 103}
Cluster 109:
Dense units: [{3: 0, 5: 0, 7: 6}, {3: 0, 5: 0, 7: 7}]
Dimensions: {3, 5, 7}
Cluster size: 36
Data points:
{65, 66, 3, 67, 68, 8, 73, 10, 9, 13, 77, 81, 18, 19, 84, 86, 24, 89, 88, 90, 28, 29, 30, 97, 98, 99, 38, 103, 41, 105, 44, 51, 53, 54, 55, 58}
Cluster 110:
Dense units: [{3: 0, 5: 0, 7: 9}]
Dimensions: {3, 5, 7}
Cluster size: 12
Data points:
{32, 33, 35, 5, 71, 40, 14, 15, 52, 22, 31, 95}
Cluster 111:
Dense units: [{4: 0, 5: 0, 6: 0}, {4: 0, 5: 0, 6: 1}, {4: 0, 5: 0, 6: 2}, {4: 0, 5: 0, 6: 3}]
Dimensions: {4, 5, 6}
Cluster size: 67
Data points:
{1, 2, 3, 4, 5, 6, 7, 8, 10, 11, 12, 13, 14, 15, 16, 17, 18, 19, 20, 22, 23, 28, 30, 31, 33, 34, 35, 36, 37, 38, 40, 41, 44, 48, 49, 51, 52, 53, 54, 56, 57, 65, 66, 67, 68, 70, 71, 72, 73, 74, 77, 78, 79, 81, 82, 83, 84, 86, 88, 89, 93, 94, 95, 97, 99, 100, 103}
Cluster 112:
Dense units: [{4: 0, 5: 0, 7: 6}, {4: 0, 5: 0, 7: 7}]
Dimensions: {4, 5, 7}
Cluster size: 33
Data points:
{1, 65, 3, 67, 66, 68, 8, 73, 10, 9, 13, 77, 81, 18, 19, 84, 86, 24, 89, 88, 90, 28, 30, 97, 99, 38, 103, 41, 105, 44, 51, 53, 54}
Cluster 113:
Dense units: [{4: 0, 5: 0, 7: 9}]
Dimensions: {4, 5, 7}
Cluster size: 12
Data points:
{32, 33, 35, 5, 71, 40, 14, 15, 52, 22, 31, 95}
Cluster 114:
Dense units: [{0: 0, 1: 0, 2: 0, 3: 0}]
Dimensions: {0, 1, 2, 3}
Cluster size: 42
Data points:
{0, 2, 3, 8, 9, 10, 13, 14, 18, 21, 22, 23, 28, 30, 32, 35, 40, 41, 43, 44, 49, 51, 52, 53, 54, 65, 66, 68, 71, 72, 74, 77, 81, 83, 86, 88, 90, 94, 95, 97, 103, 105}
Cluster 115:
Dense units: [{0: 0, 1: 0, 2: 0, 4: 0}]
Dimensions: {0, 1, 2, 4}
Cluster size: 43
Data points:
{0, 2, 3, 8, 9, 10, 13, 14, 18, 21, 22, 23, 28, 30, 32, 35, 40, 41, 43, 44, 48, 49, 51, 52, 53, 54, 65, 66, 68, 71, 72, 74, 77, 81, 83, 86, 88, 90, 94, 95, 97, 103, 105}
Cluster 116:
Dense units: [{0: 0, 1: 0, 2: 0, 5: 0}]
Dimensions: {0, 1, 2, 5}
Cluster size: 43
Data points:
{0, 2, 3, 8, 9, 10, 13, 14, 18, 21, 22, 23, 28, 30, 32, 35, 40, 41, 43, 44, 48, 49, 51, 52, 53, 54, 65, 66, 68, 71, 72, 74, 77, 81, 83, 86, 88, 90, 94, 95, 97, 103, 105}
Cluster 117:
Dense units: [{0: 0, 1: 0, 2: 0, 6: 1}, {0: 0, 1: 0, 2: 0, 6: 2}]
Dimensions: {0, 1, 2, 6}
Cluster size: 27
Data points:
{3, 68, 71, 10, 74, 13, 14, 77, 81, 83, 22, 23, 86, 88, 28, 30, 94, 95, 97, 35, 103, 44, 48, 49, 52, 53, 54}
Cluster 118:
Dense units: [{0: 0, 1: 0, 2: 0, 7: 7}]
Dimensions: {0, 1, 2, 7}
Cluster size: 14
Data points:
{65, 66, 68, 8, 9, 44, 13, 77, 81, 18, 51, 88, 90, 30}
Cluster 119:
Dense units: [{0: 0, 1: 0, 2: 2, 3: 0}]
Dimensions: {0, 1, 2, 3}
Cluster size: 11
Data points:
{67, 99, 7, 73, 11, 12, 75, 24, 89, 56, 57}
Cluster 120:
Dense units: [{0: 0, 1: 0, 2: 2, 4: 0}]
Dimensions: {0, 1, 2, 4}
Cluster size: 12
Data points:
{1, 67, 99, 7, 73, 11, 12, 75, 24, 89, 56, 57}
Cluster 121:
Dense units: [{0: 0, 1: 0, 2: 2, 5: 0}]
Dimensions: {0, 1, 2, 5}
Cluster size: 12
Data points:
{1, 67, 99, 7, 73, 11, 12, 75, 24, 89, 56, 57}
Cluster 122:
Dense units: [{0: 0, 1: 0, 3: 0, 4: 0}]
Dimensions: {0, 1, 3, 4}
Cluster size: 73
Data points:
{0, 2, 3, 4, 5, 6, 7, 8, 9, 10, 11, 12, 13, 14, 15, 16, 17, 18, 19, 20, 21, 22, 23, 24, 28, 30, 32, 35, 36, 37, 38, 40, 41, 43, 44, 49, 51, 52, 53, 54, 56, 57, 63, 65, 66, 67, 68, 70, 71, 72, 73, 74, 75, 76, 77, 78, 79, 81, 82, 83, 84, 86, 88, 89, 90, 93, 94, 95, 97, 99, 100, 103, 105}
Cluster 123:
Dense units: [{0: 0, 1: 0, 3: 0, 5: 0}]
Dimensions: {0, 1, 3, 5}
Cluster size: 76
Data points:
{0, 2, 3, 4, 5, 6, 7, 8, 9, 10, 11, 12, 13, 14, 15, 16, 17, 18, 19, 20, 21, 22, 23, 24, 28, 30, 32, 35, 36, 37, 38, 40, 41, 43, 44, 49, 51, 52, 53, 54, 55, 56, 57, 58, 63, 65, 66, 67, 68, 70, 71, 72, 73, 74, 75, 76, 77, 78, 79, 81, 82, 83, 84, 86, 88, 89, 90, 93, 94, 95, 97, 98, 99, 100, 103, 105}
Cluster 124:
Dense units: [{0: 0, 1: 0, 3: 0, 6: 0}, {0: 0, 1: 0, 3: 0, 6: 1}, {0: 0, 1: 0, 3: 0, 6: 2}, {0: 0, 1: 0, 3: 0, 6: 3}]
Dimensions: {0, 1, 3, 6}
Cluster size: 65
Data points:
{2, 3, 4, 5, 6, 7, 8, 10, 11, 12, 13, 14, 15, 16, 17, 18, 19, 20, 22, 23, 28, 30, 35, 36, 37, 38, 40, 41, 44, 49, 51, 52, 53, 54, 55, 56, 57, 58, 65, 66, 67, 68, 70, 71, 72, 73, 74, 77, 78, 79, 81, 82, 83, 84, 86, 88, 89, 93, 94, 95, 97, 98, 99, 100, 103}
Cluster 125:
Dense units: [{0: 0, 1: 0, 3: 0, 7: 6}, {0: 0, 1: 0, 3: 0, 7: 7}]
Dimensions: {0, 1, 3, 7}
Cluster size: 35
Data points:
{65, 66, 3, 67, 68, 8, 73, 10, 9, 13, 77, 81, 18, 19, 84, 86, 24, 89, 90, 88, 28, 30, 97, 98, 99, 38, 103, 41, 105, 44, 51, 53, 54, 55, 58}
Cluster 126:
Dense units: [{0: 0, 1: 0, 4: 0, 5: 0}]
Dimensions: {0, 1, 4, 5}
Cluster size: 76
Data points:
{0, 1, 2, 3, 4, 5, 6, 7, 8, 9, 10, 11, 12, 13, 14, 15, 16, 17, 18, 19, 20, 21, 22, 23, 24, 28, 30, 32, 34, 35, 36, 37, 38, 40, 41, 43, 44, 48, 49, 51, 52, 53, 54, 56, 57, 63, 65, 66, 67, 68, 70, 71, 72, 73, 74, 75, 76, 77, 78, 79, 81, 82, 83, 84, 86, 88, 89, 90, 93, 94, 95, 97, 99, 100, 103, 105}
Cluster 127:
Dense units: [{0: 0, 1: 0, 4: 0, 6: 0}, {0: 0, 1: 0, 4: 0, 6: 1}, {0: 0, 1: 0, 4: 0, 6: 2}, {0: 0, 1: 0, 4: 0, 6: 3}]
Dimensions: {0, 1, 4, 6}
Cluster size: 67
Data points:
{1, 2, 3, 4, 5, 6, 7, 8, 10, 11, 12, 13, 14, 15, 16, 17, 18, 19, 20, 22, 23, 28, 30, 34, 35, 36, 37, 38, 40, 41, 42, 44, 48, 49, 51, 52, 53, 54, 56, 57, 60, 65, 66, 67, 68, 70, 71, 72, 73, 74, 77, 78, 79, 81, 82, 83, 84, 86, 88, 89, 93, 94, 95, 97, 99, 100, 103}
Cluster 128:
Dense units: [{0: 0, 1: 0, 4: 0, 7: 6}, {0: 0, 1: 0, 4: 0, 7: 7}]
Dimensions: {0, 1, 4, 7}
Cluster size: 33
Data points:
{1, 65, 3, 67, 66, 68, 8, 73, 10, 9, 13, 77, 81, 18, 19, 84, 86, 24, 89, 88, 90, 28, 30, 97, 99, 38, 103, 41, 105, 44, 51, 53, 54}
Cluster 129:
Dense units: [{0: 0, 1: 0, 5: 0, 6: 0}, {0: 0, 1: 0, 5: 0, 6: 1}, {0: 0, 1: 0, 5: 0, 6: 2}, {0: 0, 1: 0, 5: 0, 6: 3}]
Dimensions: {0, 1, 5, 6}
Cluster size: 68
Data points:
{1, 2, 3, 4, 5, 6, 7, 8, 10, 11, 12, 13, 14, 15, 16, 17, 18, 19, 20, 22, 23, 28, 30, 34, 35, 36, 37, 38, 40, 41, 44, 48, 49, 51, 52, 53, 54, 55, 56, 57, 58, 65, 66, 67, 68, 70, 71, 72, 73, 74, 77, 78, 79, 81, 82, 83, 84, 86, 88, 89, 93, 94, 95, 97, 98, 99, 100, 103}
Cluster 130:
Dense units: [{0: 0, 1: 0, 5: 0, 7: 6}, {0: 0, 1: 0, 5: 0, 7: 7}]
Dimensions: {0, 1, 5, 7}
Cluster size: 36
Data points:
{1, 65, 3, 67, 66, 68, 8, 73, 10, 9, 13, 77, 81, 18, 19, 84, 86, 24, 89, 90, 88, 28, 30, 97, 98, 99, 38, 103, 41, 105, 44, 51, 53, 54, 55, 58}
Cluster 131:
Dense units: [{0: 0, 2: 0, 3: 0, 4: 0}]
Dimensions: {0, 2, 3, 4}
Cluster size: 44
Data points:
{0, 2, 3, 8, 9, 10, 13, 14, 18, 21, 22, 23, 28, 30, 31, 32, 33, 35, 40, 41, 43, 44, 49, 51, 52, 53, 54, 65, 66, 68, 71, 72, 74, 77, 81, 83, 86, 88, 90, 94, 95, 97, 103, 105}
Cluster 132:
Dense units: [{0: 0, 2: 0, 3: 0, 5: 0}]
Dimensions: {0, 2, 3, 5}
Cluster size: 44
Data points:
{0, 2, 3, 8, 9, 10, 13, 14, 18, 21, 22, 23, 28, 30, 31, 32, 33, 35, 40, 41, 43, 44, 49, 51, 52, 53, 54, 65, 66, 68, 71, 72, 74, 77, 81, 83, 86, 88, 90, 94, 95, 97, 103, 105}
Cluster 133:
Dense units: [{0: 0, 2: 0, 3: 0, 6: 1}, {0: 0, 2: 0, 3: 0, 6: 2}]
Dimensions: {0, 2, 3, 6}
Cluster size: 26
Data points:
{3, 68, 71, 10, 74, 13, 14, 77, 81, 83, 22, 23, 86, 88, 28, 30, 94, 95, 97, 35, 103, 44, 49, 52, 53, 54}
Cluster 134:
Dense units: [{0: 0, 2: 0, 3: 0, 7: 7}]
Dimensions: {0, 2, 3, 7}
Cluster size: 14
Data points:
{65, 66, 68, 8, 9, 44, 13, 77, 81, 18, 51, 88, 90, 30}
Cluster 135:
Dense units: [{0: 0, 2: 2, 3: 0, 4: 0}]
Dimensions: {0, 2, 3, 4}
Cluster size: 11
Data points:
{99, 67, 7, 73, 11, 12, 75, 24, 89, 56, 57}
Cluster 136:
Dense units: [{0: 0, 2: 2, 3: 0, 5: 0}]
Dimensions: {0, 2, 3, 5}
Cluster size: 11
Data points:
{99, 67, 7, 73, 11, 12, 75, 24, 89, 56, 57}
Cluster 137:
Dense units: [{0: 0, 2: 0, 4: 0, 5: 0}]
Dimensions: {0, 2, 4, 5}
Cluster size: 45
Data points:
{0, 2, 3, 8, 9, 10, 13, 14, 18, 21, 22, 23, 28, 30, 31, 32, 33, 35, 40, 41, 43, 44, 48, 49, 51, 52, 53, 54, 65, 66, 68, 71, 72, 74, 77, 81, 83, 86, 88, 90, 94, 95, 97, 103, 105}
Cluster 138:
Dense units: [{0: 0, 2: 0, 4: 0, 6: 1}, {0: 0, 2: 0, 4: 0, 6: 2}]
Dimensions: {0, 2, 4, 6}
Cluster size: 27
Data points:
{3, 68, 71, 10, 74, 13, 14, 77, 81, 83, 22, 23, 86, 88, 28, 30, 94, 95, 97, 35, 103, 44, 48, 49, 52, 53, 54}
Cluster 139:
Dense units: [{0: 0, 2: 0, 4: 0, 7: 7}]
Dimensions: {0, 2, 4, 7}
Cluster size: 14
Data points:
{65, 66, 68, 8, 9, 44, 13, 77, 81, 18, 51, 88, 90, 30}
Cluster 140:
Dense units: [{0: 0, 2: 2, 4: 0, 5: 0}]
Dimensions: {0, 2, 4, 5}
Cluster size: 12
Data points:
{1, 99, 67, 7, 73, 11, 12, 75, 24, 89, 56, 57}
Cluster 141:
Dense units: [{0: 0, 2: 0, 5: 0, 6: 1}, {0: 0, 2: 0, 5: 0, 6: 2}]
Dimensions: {0, 2, 5, 6}
Cluster size: 27
Data points:
{3, 68, 71, 10, 74, 13, 14, 77, 81, 83, 22, 23, 86, 88, 28, 30, 94, 95, 97, 35, 103, 44, 48, 49, 52, 53, 54}
Cluster 142:
Dense units: [{0: 0, 2: 0, 5: 0, 7: 7}]
Dimensions: {0, 2, 5, 7}
Cluster size: 14
Data points:
{65, 66, 68, 8, 9, 44, 13, 77, 81, 18, 51, 88, 90, 30}
Cluster 143:
Dense units: [{0: 0, 3: 0, 4: 0, 5: 0}]
Dimensions: {0, 3, 4, 5}
Cluster size: 75
Data points:
{0, 2, 3, 4, 5, 6, 7, 8, 9, 10, 11, 12, 13, 14, 15, 16, 17, 18, 19, 20, 21, 22, 23, 24, 28, 30, 31, 32, 33, 35, 36, 37, 38, 40, 41, 43, 44, 49, 51, 52, 53, 54, 56, 57, 63, 65, 66, 67, 68, 70, 71, 72, 73, 74, 75, 76, 77, 78, 79, 81, 82, 83, 84, 86, 88, 89, 90, 93, 94, 95, 97, 99, 100, 103, 105}
Cluster 144:
Dense units: [{0: 0, 3: 0, 4: 0, 6: 0}, {0: 0, 3: 0, 4: 0, 6: 1}, {0: 0, 3: 0, 4: 0, 6: 2}, {0: 0, 3: 0, 4: 0, 6: 3}]
Dimensions: {0, 3, 4, 6}
Cluster size: 64
Data points:
{2, 3, 4, 5, 6, 7, 8, 10, 11, 12, 13, 14, 15, 16, 17, 18, 19, 20, 22, 23, 28, 30, 31, 33, 35, 36, 37, 38, 40, 41, 44, 49, 51, 52, 53, 54, 56, 57, 65, 66, 67, 68, 70, 71, 72, 73, 74, 77, 78, 79, 81, 82, 83, 84, 86, 88, 89, 93, 94, 95, 97, 99, 100, 103}
Cluster 145:
Dense units: [{0: 0, 3: 0, 4: 0, 7: 6}, {0: 0, 3: 0, 4: 0, 7: 7}]
Dimensions: {0, 3, 4, 7}
Cluster size: 32
Data points:
{65, 66, 3, 67, 68, 8, 73, 10, 9, 13, 77, 81, 18, 19, 84, 86, 24, 89, 88, 90, 28, 30, 97, 99, 38, 103, 41, 105, 44, 51, 53, 54}
Cluster 146:
Dense units: [{0: 0, 3: 0, 4: 0, 7: 9}]
Dimensions: {0, 3, 4, 7}
Cluster size: 12
Data points:
{32, 33, 35, 5, 71, 40, 14, 15, 52, 22, 31, 95}
Cluster 147:
Dense units: [{0: 0, 3: 0, 5: 0, 6: 0}, {0: 0, 3: 0, 5: 0, 6: 1}, {0: 0, 3: 0, 5: 0, 6: 2}, {0: 0, 3: 0, 5: 0, 6: 3}]
Dimensions: {0, 3, 5, 6}
Cluster size: 67
Data points:
{2, 3, 4, 5, 6, 7, 8, 10, 11, 12, 13, 14, 15, 16, 17, 18, 19, 20, 22, 23, 28, 30, 31, 33, 35, 36, 37, 38, 40, 41, 44, 49, 51, 52, 53, 54, 55, 56, 57, 58, 65, 66, 67, 68, 70, 71, 72, 73, 74, 77, 78, 79, 81, 82, 83, 84, 86, 88, 89, 93, 94, 95, 97, 98, 99, 100, 103}
Cluster 148:
Dense units: [{0: 0, 3: 0, 5: 0, 7: 6}, {0: 0, 3: 0, 5: 0, 7: 7}]
Dimensions: {0, 3, 5, 7}
Cluster size: 35
Data points:
{65, 66, 3, 67, 68, 8, 73, 10, 9, 13, 77, 81, 18, 19, 84, 86, 24, 89, 90, 88, 28, 30, 97, 98, 99, 38, 103, 41, 105, 44, 51, 53, 54, 55, 58}
Cluster 149:
Dense units: [{0: 0, 3: 0, 5: 0, 7: 9}]
Dimensions: {0, 3, 5, 7}
Cluster size: 12
Data points:
{32, 33, 35, 5, 71, 40, 14, 15, 52, 22, 31, 95}
Cluster 150:
Dense units: [{0: 0, 4: 0, 5: 0, 6: 0}, {0: 0, 4: 0, 5: 0, 6: 1}, {0: 0, 4: 0, 5: 0, 6: 2}, {0: 0, 4: 0, 5: 0, 6: 3}]
Dimensions: {0, 4, 5, 6}
Cluster size: 67
Data points:
{1, 2, 3, 4, 5, 6, 7, 8, 10, 11, 12, 13, 14, 15, 16, 17, 18, 19, 20, 22, 23, 28, 30, 31, 33, 34, 35, 36, 37, 38, 40, 41, 44, 48, 49, 51, 52, 53, 54, 56, 57, 65, 66, 67, 68, 70, 71, 72, 73, 74, 77, 78, 79, 81, 82, 83, 84, 86, 88, 89, 93, 94, 95, 97, 99, 100, 103}
Cluster 151:
Dense units: [{0: 0, 4: 0, 5: 0, 7: 6}, {0: 0, 4: 0, 5: 0, 7: 7}]
Dimensions: {0, 4, 5, 7}
Cluster size: 33
Data points:
{1, 65, 3, 67, 66, 68, 8, 73, 10, 9, 13, 77, 81, 18, 19, 84, 86, 24, 89, 88, 90, 28, 30, 97, 99, 38, 103, 41, 105, 44, 51, 53, 54}
Cluster 152:
Dense units: [{0: 0, 4: 0, 5: 0, 7: 9}]
Dimensions: {0, 4, 5, 7}
Cluster size: 12
Data points:
{32, 33, 35, 5, 71, 40, 14, 15, 52, 22, 31, 95}
Cluster 153:
Dense units: [{1: 0, 2: 0, 3: 0, 4: 0}]
Dimensions: {1, 2, 3, 4}
Cluster size: 42
Data points:
{0, 2, 3, 8, 9, 10, 13, 14, 18, 21, 22, 23, 28, 30, 32, 35, 40, 41, 43, 44, 49, 51, 52, 53, 54, 65, 66, 68, 71, 72, 74, 77, 81, 83, 86, 88, 90, 94, 95, 97, 103, 105}
Cluster 154:
Dense units: [{1: 0, 2: 0, 3: 0, 5: 0}]
Dimensions: {1, 2, 3, 5}
Cluster size: 42
Data points:
{0, 2, 3, 8, 9, 10, 13, 14, 18, 21, 22, 23, 28, 30, 32, 35, 40, 41, 43, 44, 49, 51, 52, 53, 54, 65, 66, 68, 71, 72, 74, 77, 81, 83, 86, 88, 90, 94, 95, 97, 103, 105}
Cluster 155:
Dense units: [{1: 0, 2: 0, 3: 0, 6: 1}, {1: 0, 2: 0, 3: 0, 6: 2}]
Dimensions: {1, 2, 3, 6}
Cluster size: 26
Data points:
{3, 68, 71, 10, 74, 13, 14, 77, 81, 83, 22, 23, 86, 88, 28, 30, 94, 95, 97, 35, 103, 44, 49, 52, 53, 54}
Cluster 156:
Dense units: [{1: 0, 2: 0, 3: 0, 7: 7}]
Dimensions: {1, 2, 3, 7}
Cluster size: 14
Data points:
{65, 66, 68, 8, 9, 44, 13, 77, 81, 18, 51, 88, 90, 30}
Cluster 157:
Dense units: [{1: 0, 2: 2, 3: 0, 4: 0}]
Dimensions: {1, 2, 3, 4}
Cluster size: 11
Data points:
{99, 67, 7, 73, 11, 12, 75, 24, 89, 56, 57}
Cluster 158:
Dense units: [{1: 0, 2: 2, 3: 0, 5: 0}]
Dimensions: {1, 2, 3, 5}
Cluster size: 11
Data points:
{99, 67, 7, 73, 11, 12, 75, 24, 89, 56, 57}
Cluster 159:
Dense units: [{1: 0, 2: 0, 4: 0, 5: 0}]
Dimensions: {1, 2, 4, 5}
Cluster size: 43
Data points:
{0, 2, 3, 8, 9, 10, 13, 14, 18, 21, 22, 23, 28, 30, 32, 35, 40, 41, 43, 44, 48, 49, 51, 52, 53, 54, 65, 66, 68, 71, 72, 74, 77, 81, 83, 86, 88, 90, 94, 95, 97, 103, 105}
Cluster 160:
Dense units: [{1: 0, 2: 0, 4: 0, 6: 1}, {1: 0, 2: 0, 4: 0, 6: 2}]
Dimensions: {1, 2, 4, 6}
Cluster size: 27
Data points:
{3, 68, 71, 10, 74, 13, 14, 77, 81, 83, 22, 23, 86, 88, 28, 30, 94, 95, 97, 35, 103, 44, 48, 49, 52, 53, 54}
Cluster 161:
Dense units: [{1: 0, 2: 0, 4: 0, 7: 7}]
Dimensions: {1, 2, 4, 7}
Cluster size: 14
Data points:
{65, 66, 68, 8, 9, 44, 13, 77, 81, 18, 51, 88, 90, 30}
Cluster 162:
Dense units: [{1: 0, 2: 2, 4: 0, 5: 0}]
Dimensions: {1, 2, 4, 5}
Cluster size: 12
Data points:
{1, 99, 67, 7, 73, 11, 12, 75, 24, 89, 56, 57}
Cluster 163:
Dense units: [{1: 0, 2: 0, 5: 0, 6: 1}, {1: 0, 2: 0, 5: 0, 6: 2}]
Dimensions: {1, 2, 5, 6}
Cluster size: 27
Data points:
{3, 68, 71, 10, 74, 13, 14, 77, 81, 83, 22, 23, 86, 88, 28, 30, 94, 95, 97, 35, 103, 44, 48, 49, 52, 53, 54}
Cluster 164:
Dense units: [{1: 0, 2: 0, 5: 0, 7: 7}]
Dimensions: {1, 2, 5, 7}
Cluster size: 14
Data points:
{65, 66, 68, 8, 9, 44, 13, 77, 81, 18, 51, 88, 90, 30}
Cluster 165:
Dense units: [{1: 0, 3: 0, 4: 0, 5: 0}]
Dimensions: {1, 3, 4, 5}
Cluster size: 73
Data points:
{0, 2, 3, 4, 5, 6, 7, 8, 9, 10, 11, 12, 13, 14, 15, 16, 17, 18, 19, 20, 21, 22, 23, 24, 28, 30, 32, 35, 36, 37, 38, 40, 41, 43, 44, 49, 51, 52, 53, 54, 56, 57, 63, 65, 66, 67, 68, 70, 71, 72, 73, 74, 75, 76, 77, 78, 79, 81, 82, 83, 84, 86, 88, 89, 90, 93, 94, 95, 97, 99, 100, 103, 105}
Cluster 166:
Dense units: [{1: 0, 3: 0, 4: 0, 6: 0}, {1: 0, 3: 0, 4: 0, 6: 1}, {1: 0, 3: 0, 4: 0, 6: 2}, {1: 0, 3: 0, 4: 0, 6: 3}]
Dimensions: {1, 3, 4, 6}
Cluster size: 62
Data points:
{2, 3, 4, 5, 6, 7, 8, 10, 11, 12, 13, 14, 15, 16, 17, 18, 19, 20, 22, 23, 28, 30, 35, 36, 37, 38, 40, 41, 44, 49, 51, 52, 53, 54, 56, 57, 65, 66, 67, 68, 70, 71, 72, 73, 74, 77, 78, 79, 81, 82, 83, 84, 86, 88, 89, 93, 94, 95, 97, 99, 100, 103}
Cluster 167:
Dense units: [{1: 0, 3: 0, 4: 0, 7: 6}, {1: 0, 3: 0, 4: 0, 7: 7}]
Dimensions: {1, 3, 4, 7}
Cluster size: 32
Data points:
{65, 66, 3, 67, 68, 8, 73, 10, 9, 13, 77, 81, 18, 19, 84, 86, 24, 89, 88, 90, 28, 30, 97, 99, 38, 103, 41, 105, 44, 51, 53, 54}
Cluster 168:
Dense units: [{1: 0, 3: 0, 5: 0, 6: 0}, {1: 0, 3: 0, 5: 0, 6: 1}, {1: 0, 3: 0, 5: 0, 6: 2}, {1: 0, 3: 0, 5: 0, 6: 3}]
Dimensions: {1, 3, 5, 6}
Cluster size: 65
Data points:
{2, 3, 4, 5, 6, 7, 8, 10, 11, 12, 13, 14, 15, 16, 17, 18, 19, 20, 22, 23, 28, 30, 35, 36, 37, 38, 40, 41, 44, 49, 51, 52, 53, 54, 55, 56, 57, 58, 65, 66, 67, 68, 70, 71, 72, 73, 74, 77, 78, 79, 81, 82, 83, 84, 86, 88, 89, 93, 94, 95, 97, 98, 99, 100, 103}
Cluster 169:
Dense units: [{1: 0, 3: 0, 5: 0, 7: 6}, {1: 0, 3: 0, 5: 0, 7: 7}]
Dimensions: {1, 3, 5, 7}
Cluster size: 35
Data points:
{65, 66, 3, 67, 68, 8, 73, 10, 9, 13, 77, 81, 18, 19, 84, 86, 24, 89, 90, 88, 28, 30, 97, 98, 99, 38, 103, 41, 105, 44, 51, 53, 54, 55, 58}
Cluster 170:
Dense units: [{1: 0, 4: 0, 5: 0, 6: 0}, {1: 0, 4: 0, 5: 0, 6: 1}, {1: 0, 4: 0, 5: 0, 6: 2}, {1: 0, 4: 0, 5: 0, 6: 3}]
Dimensions: {1, 4, 5, 6}
Cluster size: 65
Data points:
{1, 2, 3, 4, 5, 6, 7, 8, 10, 11, 12, 13, 14, 15, 16, 17, 18, 19, 20, 22, 23, 28, 30, 34, 35, 36, 37, 38, 40, 41, 44, 48, 49, 51, 52, 53, 54, 56, 57, 65, 66, 67, 68, 70, 71, 72, 73, 74, 77, 78, 79, 81, 82, 83, 84, 86, 88, 89, 93, 94, 95, 97, 99, 100, 103}
Cluster 171:
Dense units: [{1: 0, 4: 0, 5: 0, 7: 6}, {1: 0, 4: 0, 5: 0, 7: 7}]
Dimensions: {1, 4, 5, 7}
Cluster size: 33
Data points:
{1, 65, 3, 67, 66, 68, 8, 73, 10, 9, 13, 77, 81, 18, 19, 84, 86, 24, 89, 88, 90, 28, 30, 97, 99, 38, 103, 41, 105, 44, 51, 53, 54}
Cluster 172:
Dense units: [{2: 0, 3: 0, 4: 0, 5: 0}]
Dimensions: {2, 3, 4, 5}
Cluster size: 44
Data points:
{0, 2, 3, 8, 9, 10, 13, 14, 18, 21, 22, 23, 28, 30, 31, 32, 33, 35, 40, 41, 43, 44, 49, 51, 52, 53, 54, 65, 66, 68, 71, 72, 74, 77, 81, 83, 86, 88, 90, 94, 95, 97, 103, 105}
Cluster 173:
Dense units: [{2: 0, 3: 0, 4: 0, 6: 1}, {2: 0, 3: 0, 4: 0, 6: 2}]
Dimensions: {2, 3, 4, 6}
Cluster size: 26
Data points:
{3, 68, 71, 10, 74, 13, 14, 77, 81, 83, 22, 23, 86, 88, 28, 30, 94, 95, 97, 35, 103, 44, 49, 52, 53, 54}
Cluster 174:
Dense units: [{2: 0, 3: 0, 4: 0, 7: 7}]
Dimensions: {2, 3, 4, 7}
Cluster size: 14
Data points:
{65, 66, 68, 8, 9, 44, 13, 77, 81, 18, 51, 88, 90, 30}
Cluster 175:
Dense units: [{2: 2, 3: 0, 4: 0, 5: 0}]
Dimensions: {2, 3, 4, 5}
Cluster size: 11
Data points:
{67, 99, 7, 73, 11, 12, 75, 24, 89, 56, 57}
Cluster 176:
Dense units: [{2: 0, 3: 0, 5: 0, 6: 1}, {2: 0, 3: 0, 5: 0, 6: 2}]
Dimensions: {2, 3, 5, 6}
Cluster size: 27
Data points:
{3, 68, 71, 10, 74, 13, 14, 77, 81, 83, 22, 23, 86, 88, 28, 29, 30, 94, 95, 97, 35, 103, 44, 49, 52, 53, 54}
Cluster 177:
Dense units: [{2: 0, 3: 0, 5: 0, 7: 7}]
Dimensions: {2, 3, 5, 7}
Cluster size: 15
Data points:
{65, 66, 68, 8, 9, 44, 13, 77, 81, 18, 51, 88, 90, 29, 30}
Cluster 178:
Dense units: [{2: 0, 4: 0, 5: 0, 6: 1}, {2: 0, 4: 0, 5: 0, 6: 2}]
Dimensions: {2, 4, 5, 6}
Cluster size: 27
Data points:
{3, 68, 71, 10, 74, 13, 14, 77, 81, 83, 22, 23, 86, 88, 28, 30, 94, 95, 97, 35, 103, 44, 48, 49, 52, 53, 54}
Cluster 179:
Dense units: [{2: 0, 4: 0, 5: 0, 7: 7}]
Dimensions: {2, 4, 5, 7}
Cluster size: 14
Data points:
{65, 66, 68, 8, 9, 44, 13, 77, 81, 18, 51, 88, 90, 30}
Cluster 180:
Dense units: [{3: 0, 4: 0, 5: 0, 6: 0}, {3: 0, 4: 0, 5: 0, 6: 1}, {3: 0, 4: 0, 5: 0, 6: 2}, {3: 0, 4: 0, 5: 0, 6: 3}]
Dimensions: {3, 4, 5, 6}
Cluster size: 64
Data points:
{2, 3, 4, 5, 6, 7, 8, 10, 11, 12, 13, 14, 15, 16, 17, 18, 19, 20, 22, 23, 28, 30, 31, 33, 35, 36, 37, 38, 40, 41, 44, 49, 51, 52, 53, 54, 56, 57, 65, 66, 67, 68, 70, 71, 72, 73, 74, 77, 78, 79, 81, 82, 83, 84, 86, 88, 89, 93, 94, 95, 97, 99, 100, 103}
Cluster 181:
Dense units: [{3: 0, 4: 0, 5: 0, 7: 6}, {3: 0, 4: 0, 5: 0, 7: 7}]
Dimensions: {3, 4, 5, 7}
Cluster size: 32
Data points:
{65, 66, 3, 67, 68, 8, 73, 10, 9, 13, 77, 81, 18, 19, 84, 86, 24, 89, 88, 90, 28, 30, 97, 99, 38, 103, 41, 105, 44, 51, 53, 54}
Cluster 182:
Dense units: [{3: 0, 4: 0, 5: 0, 7: 9}]
Dimensions: {3, 4, 5, 7}
Cluster size: 12
Data points:
{32, 33, 35, 5, 71, 40, 14, 15, 52, 22, 31, 95}
Cluster 183:
Dense units: [{0: 0, 1: 0, 2: 0, 3: 0, 4: 0}]
Dimensions: {0, 1, 2, 3, 4}
Cluster size: 42
Data points:
{0, 2, 3, 8, 9, 10, 13, 14, 18, 21, 22, 23, 28, 30, 32, 35, 40, 41, 43, 44, 49, 51, 52, 53, 54, 65, 66, 68, 71, 72, 74, 77, 81, 83, 86, 88, 90, 94, 95, 97, 103, 105}
Cluster 184:
Dense units: [{0: 0, 1: 0, 2: 0, 3: 0, 5: 0}]
Dimensions: {0, 1, 2, 3, 5}
Cluster size: 42
Data points:
{0, 2, 3, 8, 9, 10, 13, 14, 18, 21, 22, 23, 28, 30, 32, 35, 40, 41, 43, 44, 49, 51, 52, 53, 54, 65, 66, 68, 71, 72, 74, 77, 81, 83, 86, 88, 90, 94, 95, 97, 103, 105}
Cluster 185:
Dense units: [{0: 0, 1: 0, 2: 0, 3: 0, 6: 1}, {0: 0, 1: 0, 2: 0, 3: 0, 6: 2}]
Dimensions: {0, 1, 2, 3, 6}
Cluster size: 26
Data points:
{3, 68, 71, 10, 74, 13, 14, 77, 81, 83, 22, 23, 86, 88, 28, 30, 94, 95, 97, 35, 103, 44, 49, 52, 53, 54}
Cluster 186:
Dense units: [{0: 0, 1: 0, 2: 0, 3: 0, 7: 7}]
Dimensions: {0, 1, 2, 3, 7}
Cluster size: 14
Data points:
{65, 66, 68, 8, 9, 44, 13, 77, 81, 18, 51, 88, 90, 30}
Cluster 187:
Dense units: [{0: 0, 1: 0, 2: 2, 3: 0, 4: 0}]
Dimensions: {0, 1, 2, 3, 4}
Cluster size: 11
Data points:
{99, 67, 7, 73, 11, 12, 75, 24, 89, 56, 57}
Cluster 188:
Dense units: [{0: 0, 1: 0, 2: 2, 3: 0, 5: 0}]
Dimensions: {0, 1, 2, 3, 5}
Cluster size: 11
Data points:
{99, 67, 7, 73, 11, 12, 75, 24, 89, 56, 57}
Cluster 189:
Dense units: [{0: 0, 1: 0, 2: 0, 4: 0, 5: 0}]
Dimensions: {0, 1, 2, 4, 5}
Cluster size: 43
Data points:
{0, 2, 3, 8, 9, 10, 13, 14, 18, 21, 22, 23, 28, 30, 32, 35, 40, 41, 43, 44, 48, 49, 51, 52, 53, 54, 65, 66, 68, 71, 72, 74, 77, 81, 83, 86, 88, 90, 94, 95, 97, 103, 105}
Cluster 190:
Dense units: [{0: 0, 1: 0, 2: 0, 4: 0, 6: 1}, {0: 0, 1: 0, 2: 0, 4: 0, 6: 2}]
Dimensions: {0, 1, 2, 4, 6}
Cluster size: 27
Data points:
{3, 68, 71, 10, 74, 13, 14, 77, 81, 83, 22, 23, 86, 88, 28, 30, 94, 95, 97, 35, 103, 44, 48, 49, 52, 53, 54}
Cluster 191:
Dense units: [{0: 0, 1: 0, 2: 0, 4: 0, 7: 7}]
Dimensions: {0, 1, 2, 4, 7}
Cluster size: 14
Data points:
{65, 66, 68, 8, 9, 44, 13, 77, 81, 18, 51, 88, 90, 30}
Cluster 192:
Dense units: [{0: 0, 1: 0, 2: 2, 4: 0, 5: 0}]
Dimensions: {0, 1, 2, 4, 5}
Cluster size: 12
Data points:
{1, 99, 67, 7, 73, 11, 12, 75, 24, 89, 56, 57}
Cluster 193:
Dense units: [{0: 0, 1: 0, 2: 0, 5: 0, 6: 1}, {0: 0, 1: 0, 2: 0, 5: 0, 6: 2}]
Dimensions: {0, 1, 2, 5, 6}
Cluster size: 27
Data points:
{3, 68, 71, 10, 74, 13, 14, 77, 81, 83, 22, 23, 86, 88, 28, 30, 94, 95, 97, 35, 103, 44, 48, 49, 52, 53, 54}
Cluster 194:
Dense units: [{0: 0, 1: 0, 2: 0, 5: 0, 7: 7}]
Dimensions: {0, 1, 2, 5, 7}
Cluster size: 14
Data points:
{65, 66, 68, 8, 9, 44, 13, 77, 81, 18, 51, 88, 90, 30}
Cluster 195:
Dense units: [{0: 0, 1: 0, 3: 0, 4: 0, 5: 0}]
Dimensions: {0, 1, 3, 4, 5}
Cluster size: 73
Data points:
{0, 2, 3, 4, 5, 6, 7, 8, 9, 10, 11, 12, 13, 14, 15, 16, 17, 18, 19, 20, 21, 22, 23, 24, 28, 30, 32, 35, 36, 37, 38, 40, 41, 43, 44, 49, 51, 52, 53, 54, 56, 57, 63, 65, 66, 67, 68, 70, 71, 72, 73, 74, 75, 76, 77, 78, 79, 81, 82, 83, 84, 86, 88, 89, 90, 93, 94, 95, 97, 99, 100, 103, 105}
Cluster 196:
Dense units: [{0: 0, 1: 0, 3: 0, 4: 0, 6: 0}, {0: 0, 1: 0, 3: 0, 4: 0, 6: 1}, {0: 0, 1: 0, 3: 0, 4: 0, 6: 2}, {0: 0, 1: 0, 3: 0, 4: 0, 6: 3}]
Dimensions: {0, 1, 3, 4, 6}
Cluster size: 62
Data points:
{2, 3, 4, 5, 6, 7, 8, 10, 11, 12, 13, 14, 15, 16, 17, 18, 19, 20, 22, 23, 28, 30, 35, 36, 37, 38, 40, 41, 44, 49, 51, 52, 53, 54, 56, 57, 65, 66, 67, 68, 70, 71, 72, 73, 74, 77, 78, 79, 81, 82, 83, 84, 86, 88, 89, 93, 94, 95, 97, 99, 100, 103}
Cluster 197:
Dense units: [{0: 0, 1: 0, 3: 0, 4: 0, 7: 6}, {0: 0, 1: 0, 3: 0, 4: 0, 7: 7}]
Dimensions: {0, 1, 3, 4, 7}
Cluster size: 32
Data points:
{65, 66, 3, 67, 68, 8, 73, 10, 9, 13, 77, 81, 18, 19, 84, 86, 24, 89, 88, 90, 28, 30, 97, 99, 38, 103, 41, 105, 44, 51, 53, 54}
Cluster 198:
Dense units: [{0: 0, 1: 0, 3: 0, 5: 0, 6: 0}, {0: 0, 1: 0, 3: 0, 5: 0, 6: 1}, {0: 0, 1: 0, 3: 0, 5: 0, 6: 2}, {0: 0, 1: 0, 3: 0, 5: 0, 6: 3}]
Dimensions: {0, 1, 3, 5, 6}
Cluster size: 65
Data points:
{2, 3, 4, 5, 6, 7, 8, 10, 11, 12, 13, 14, 15, 16, 17, 18, 19, 20, 22, 23, 28, 30, 35, 36, 37, 38, 40, 41, 44, 49, 51, 52, 53, 54, 55, 56, 57, 58, 65, 66, 67, 68, 70, 71, 72, 73, 74, 77, 78, 79, 81, 82, 83, 84, 86, 88, 89, 93, 94, 95, 97, 98, 99, 100, 103}
Cluster 199:
Dense units: [{0: 0, 1: 0, 3: 0, 5: 0, 7: 6}, {0: 0, 1: 0, 3: 0, 5: 0, 7: 7}]
Dimensions: {0, 1, 3, 5, 7}
Cluster size: 35
Data points:
{65, 66, 3, 67, 68, 8, 73, 10, 9, 13, 77, 81, 18, 19, 84, 86, 24, 89, 90, 88, 28, 30, 97, 98, 99, 38, 103, 41, 105, 44, 51, 53, 54, 55, 58}
Cluster 200:
Dense units: [{0: 0, 1: 0, 4: 0, 5: 0, 6: 0}, {0: 0, 1: 0, 4: 0, 5: 0, 6: 1}, {0: 0, 1: 0, 4: 0, 5: 0, 6: 2}, {0: 0, 1: 0, 4: 0, 5: 0, 6: 3}]
Dimensions: {0, 1, 4, 5, 6}
Cluster size: 65
Data points:
{1, 2, 3, 4, 5, 6, 7, 8, 10, 11, 12, 13, 14, 15, 16, 17, 18, 19, 20, 22, 23, 28, 30, 34, 35, 36, 37, 38, 40, 41, 44, 48, 49, 51, 52, 53, 54, 56, 57, 65, 66, 67, 68, 70, 71, 72, 73, 74, 77, 78, 79, 81, 82, 83, 84, 86, 88, 89, 93, 94, 95, 97, 99, 100, 103}
Cluster 201:
Dense units: [{0: 0, 1: 0, 4: 0, 5: 0, 7: 6}, {0: 0, 1: 0, 4: 0, 5: 0, 7: 7}]
Dimensions: {0, 1, 4, 5, 7}
Cluster size: 33
Data points:
{1, 65, 3, 67, 66, 68, 8, 73, 10, 9, 13, 77, 81, 18, 19, 84, 86, 24, 89, 88, 90, 28, 30, 97, 99, 38, 103, 41, 105, 44, 51, 53, 54}
Cluster 202:
Dense units: [{0: 0, 2: 0, 3: 0, 4: 0, 5: 0}]
Dimensions: {0, 2, 3, 4, 5}
Cluster size: 44
Data points:
{0, 2, 3, 8, 9, 10, 13, 14, 18, 21, 22, 23, 28, 30, 31, 32, 33, 35, 40, 41, 43, 44, 49, 51, 52, 53, 54, 65, 66, 68, 71, 72, 74, 77, 81, 83, 86, 88, 90, 94, 95, 97, 103, 105}
Cluster 203:
Dense units: [{0: 0, 2: 0, 3: 0, 4: 0, 6: 1}, {0: 0, 2: 0, 3: 0, 4: 0, 6: 2}]
Dimensions: {0, 2, 3, 4, 6}
Cluster size: 26
Data points:
{3, 68, 71, 10, 74, 13, 14, 77, 81, 83, 22, 23, 86, 88, 28, 30, 94, 95, 97, 35, 103, 44, 49, 52, 53, 54}
Cluster 204:
Dense units: [{0: 0, 2: 0, 3: 0, 4: 0, 7: 7}]
Dimensions: {0, 2, 3, 4, 7}
Cluster size: 14
Data points:
{65, 66, 68, 8, 9, 44, 13, 77, 81, 18, 51, 88, 90, 30}
Cluster 205:
Dense units: [{0: 0, 2: 2, 3: 0, 4: 0, 5: 0}]
Dimensions: {0, 2, 3, 4, 5}
Cluster size: 11
Data points:
{67, 99, 7, 73, 11, 12, 75, 24, 89, 56, 57}
Cluster 206:
Dense units: [{0: 0, 2: 0, 3: 0, 5: 0, 6: 1}, {0: 0, 2: 0, 3: 0, 5: 0, 6: 2}]
Dimensions: {0, 2, 3, 5, 6}
Cluster size: 26
Data points:
{3, 68, 71, 10, 74, 13, 14, 77, 81, 83, 22, 23, 86, 88, 28, 30, 94, 95, 97, 35, 103, 44, 49, 52, 53, 54}
Cluster 207:
Dense units: [{0: 0, 2: 0, 3: 0, 5: 0, 7: 7}]
Dimensions: {0, 2, 3, 5, 7}
Cluster size: 14
Data points:
{65, 66, 68, 8, 9, 44, 13, 77, 81, 18, 51, 88, 90, 30}
Cluster 208:
Dense units: [{0: 0, 2: 0, 4: 0, 5: 0, 6: 1}, {0: 0, 2: 0, 4: 0, 5: 0, 6: 2}]
Dimensions: {0, 2, 4, 5, 6}
Cluster size: 27
Data points:
{3, 68, 71, 10, 74, 13, 14, 77, 81, 83, 22, 23, 86, 88, 28, 30, 94, 95, 97, 35, 103, 44, 48, 49, 52, 53, 54}
Cluster 209:
Dense units: [{0: 0, 2: 0, 4: 0, 5: 0, 7: 7}]
Dimensions: {0, 2, 4, 5, 7}
Cluster size: 14
Data points:
{65, 66, 68, 8, 9, 44, 13, 77, 81, 18, 51, 88, 90, 30}
Cluster 210:
Dense units: [{0: 0, 3: 0, 4: 0, 5: 0, 6: 0}, {0: 0, 3: 0, 4: 0, 5: 0, 6: 1}, {0: 0, 3: 0, 4: 0, 5: 0, 6: 2}, {0: 0, 3: 0, 4: 0, 5: 0, 6: 3}]
Dimensions: {0, 3, 4, 5, 6}
Cluster size: 64
Data points:
{2, 3, 4, 5, 6, 7, 8, 10, 11, 12, 13, 14, 15, 16, 17, 18, 19, 20, 22, 23, 28, 30, 31, 33, 35, 36, 37, 38, 40, 41, 44, 49, 51, 52, 53, 54, 56, 57, 65, 66, 67, 68, 70, 71, 72, 73, 74, 77, 78, 79, 81, 82, 83, 84, 86, 88, 89, 93, 94, 95, 97, 99, 100, 103}
Cluster 211:
Dense units: [{0: 0, 3: 0, 4: 0, 5: 0, 7: 6}, {0: 0, 3: 0, 4: 0, 5: 0, 7: 7}]
Dimensions: {0, 3, 4, 5, 7}
Cluster size: 32
Data points:
{65, 66, 3, 67, 68, 8, 73, 10, 9, 13, 77, 81, 18, 19, 84, 86, 24, 89, 88, 90, 28, 30, 97, 99, 38, 103, 41, 105, 44, 51, 53, 54}
Cluster 212:
Dense units: [{0: 0, 3: 0, 4: 0, 5: 0, 7: 9}]
Dimensions: {0, 3, 4, 5, 7}
Cluster size: 12
Data points:
{32, 33, 35, 5, 71, 40, 14, 15, 52, 22, 31, 95}
Cluster 213:
Dense units: [{1: 0, 2: 0, 3: 0, 4: 0, 5: 0}]
Dimensions: {1, 2, 3, 4, 5}
Cluster size: 42
Data points:
{0, 2, 3, 8, 9, 10, 13, 14, 18, 21, 22, 23, 28, 30, 32, 35, 40, 41, 43, 44, 49, 51, 52, 53, 54, 65, 66, 68, 71, 72, 74, 77, 81, 83, 86, 88, 90, 94, 95, 97, 103, 105}
Cluster 214:
Dense units: [{1: 0, 2: 0, 3: 0, 4: 0, 6: 1}, {1: 0, 2: 0, 3: 0, 4: 0, 6: 2}]
Dimensions: {1, 2, 3, 4, 6}
Cluster size: 26
Data points:
{3, 68, 71, 10, 74, 13, 14, 77, 81, 83, 22, 23, 86, 88, 28, 30, 94, 95, 97, 35, 103, 44, 49, 52, 53, 54}
Cluster 215:
Dense units: [{1: 0, 2: 0, 3: 0, 4: 0, 7: 7}]
Dimensions: {1, 2, 3, 4, 7}
Cluster size: 14
Data points:
{65, 66, 68, 8, 9, 44, 13, 77, 81, 18, 51, 88, 90, 30}
Cluster 216:
Dense units: [{1: 0, 2: 2, 3: 0, 4: 0, 5: 0}]
Dimensions: {1, 2, 3, 4, 5}
Cluster size: 11
Data points:
{67, 99, 7, 73, 11, 12, 75, 24, 89, 56, 57}
Cluster 217:
Dense units: [{1: 0, 2: 0, 3: 0, 5: 0, 6: 1}, {1: 0, 2: 0, 3: 0, 5: 0, 6: 2}]
Dimensions: {1, 2, 3, 5, 6}
Cluster size: 26
Data points:
{3, 68, 71, 10, 74, 13, 14, 77, 81, 83, 22, 23, 86, 88, 28, 30, 94, 95, 97, 35, 103, 44, 49, 52, 53, 54}
Cluster 218:
Dense units: [{1: 0, 2: 0, 3: 0, 5: 0, 7: 7}]
Dimensions: {1, 2, 3, 5, 7}
Cluster size: 14
Data points:
{65, 66, 68, 8, 9, 44, 13, 77, 81, 18, 51, 88, 90, 30}
Cluster 219:
Dense units: [{1: 0, 2: 0, 4: 0, 5: 0, 6: 1}, {1: 0, 2: 0, 4: 0, 5: 0, 6: 2}]
Dimensions: {1, 2, 4, 5, 6}
Cluster size: 27
Data points:
{3, 68, 71, 10, 74, 13, 14, 77, 81, 83, 22, 23, 86, 88, 28, 30, 94, 95, 97, 35, 103, 44, 48, 49, 52, 53, 54}
Cluster 220:
Dense units: [{1: 0, 2: 0, 4: 0, 5: 0, 7: 7}]
Dimensions: {1, 2, 4, 5, 7}
Cluster size: 14
Data points:
{65, 66, 68, 8, 9, 44, 13, 77, 81, 18, 51, 88, 90, 30}
Cluster 221:
Dense units: [{1: 0, 3: 0, 4: 0, 5: 0, 6: 0}, {1: 0, 3: 0, 4: 0, 5: 0, 6: 1}, {1: 0, 3: 0, 4: 0, 5: 0, 6: 2}, {1: 0, 3: 0, 4: 0, 5: 0, 6: 3}]
Dimensions: {1, 3, 4, 5, 6}
Cluster size: 62
Data points:
{2, 3, 4, 5, 6, 7, 8, 10, 11, 12, 13, 14, 15, 16, 17, 18, 19, 20, 22, 23, 28, 30, 35, 36, 37, 38, 40, 41, 44, 49, 51, 52, 53, 54, 56, 57, 65, 66, 67, 68, 70, 71, 72, 73, 74, 77, 78, 79, 81, 82, 83, 84, 86, 88, 89, 93, 94, 95, 97, 99, 100, 103}
Cluster 222:
Dense units: [{1: 0, 3: 0, 4: 0, 5: 0, 7: 6}, {1: 0, 3: 0, 4: 0, 5: 0, 7: 7}]
Dimensions: {1, 3, 4, 5, 7}
Cluster size: 32
Data points:
{65, 66, 3, 67, 68, 8, 73, 10, 9, 13, 77, 81, 18, 19, 84, 86, 24, 89, 88, 90, 28, 30, 97, 99, 38, 103, 41, 105, 44, 51, 53, 54}
Cluster 223:
Dense units: [{2: 0, 3: 0, 4: 0, 5: 0, 6: 1}, {2: 0, 3: 0, 4: 0, 5: 0, 6: 2}]
Dimensions: {2, 3, 4, 5, 6}
Cluster size: 26
Data points:
{3, 68, 71, 10, 74, 13, 14, 77, 81, 83, 22, 23, 86, 88, 28, 30, 94, 95, 97, 35, 103, 44, 49, 52, 53, 54}
Cluster 224:
Dense units: [{2: 0, 3: 0, 4: 0, 5: 0, 7: 7}]
Dimensions: {2, 3, 4, 5, 7}
Cluster size: 14
Data points:
{65, 66, 68, 8, 9, 44, 13, 77, 81, 18, 51, 88, 90, 30}
Cluster 225:
Dense units: [{0: 0, 1: 0, 2: 0, 3: 0, 4: 0, 5: 0}]
Dimensions: {0, 1, 2, 3, 4, 5}
Cluster size: 42
Data points:
{0, 2, 3, 8, 9, 10, 13, 14, 18, 21, 22, 23, 28, 30, 32, 35, 40, 41, 43, 44, 49, 51, 52, 53, 54, 65, 66, 68, 71, 72, 74, 77, 81, 83, 86, 88, 90, 94, 95, 97, 103, 105}
Cluster 226:
Dense units: [{0: 0, 1: 0, 2: 0, 3: 0, 4: 0, 6: 1}, {0: 0, 1: 0, 2: 0, 3: 0, 4: 0, 6: 2}]
Dimensions: {0, 1, 2, 3, 4, 6}
Cluster size: 26
Data points:
{3, 68, 71, 10, 74, 13, 14, 77, 81, 83, 22, 23, 86, 88, 28, 30, 94, 95, 97, 35, 103, 44, 49, 52, 53, 54}
Cluster 227:
Dense units: [{0: 0, 1: 0, 2: 0, 3: 0, 4: 0, 7: 7}]
Dimensions: {0, 1, 2, 3, 4, 7}
Cluster size: 14
Data points:
{65, 66, 68, 8, 9, 44, 13, 77, 81, 18, 51, 88, 90, 30}
Cluster 228:
Dense units: [{0: 0, 1: 0, 2: 2, 3: 0, 4: 0, 5: 0}]
Dimensions: {0, 1, 2, 3, 4, 5}
Cluster size: 11
Data points:
{67, 99, 7, 73, 11, 12, 75, 24, 89, 56, 57}
Cluster 229:
Dense units: [{0: 0, 1: 0, 2: 0, 3: 0, 5: 0, 6: 1}, {0: 0, 1: 0, 2: 0, 3: 0, 5: 0, 6: 2}]
Dimensions: {0, 1, 2, 3, 5, 6}
Cluster size: 26
Data points:
{3, 68, 71, 10, 74, 13, 14, 77, 81, 83, 22, 23, 86, 88, 28, 30, 94, 95, 97, 35, 103, 44, 49, 52, 53, 54}
Cluster 230:
Dense units: [{0: 0, 1: 0, 2: 0, 3: 0, 5: 0, 7: 7}]
Dimensions: {0, 1, 2, 3, 5, 7}
Cluster size: 14
Data points:
{65, 66, 68, 8, 9, 44, 13, 77, 81, 18, 51, 88, 90, 30}
Cluster 231:
Dense units: [{0: 0, 1: 0, 2: 0, 4: 0, 5: 0, 6: 1}, {0: 0, 1: 0, 2: 0, 4: 0, 5: 0, 6: 2}]
Dimensions: {0, 1, 2, 4, 5, 6}
Cluster size: 27
Data points:
{3, 68, 71, 10, 74, 13, 14, 77, 81, 83, 22, 23, 86, 88, 28, 30, 94, 95, 97, 35, 103, 44, 48, 49, 52, 53, 54}
Cluster 232:
Dense units: [{0: 0, 1: 0, 2: 0, 4: 0, 5: 0, 7: 7}]
Dimensions: {0, 1, 2, 4, 5, 7}
Cluster size: 14
Data points:
{65, 66, 68, 8, 9, 44, 13, 77, 81, 18, 51, 88, 90, 30}
Cluster 233:
Dense units: [{0: 0, 1: 0, 3: 0, 4: 0, 5: 0, 6: 0}, {0: 0, 1: 0, 3: 0, 4: 0, 5: 0, 6: 1}, {0: 0, 1: 0, 3: 0, 4: 0, 5: 0, 6: 2}, {0: 0, 1: 0, 3: 0, 4: 0, 5: 0, 6: 3}]
Dimensions: {0, 1, 3, 4, 5, 6}
Cluster size: 62
Data points:
{2, 3, 4, 5, 6, 7, 8, 10, 11, 12, 13, 14, 15, 16, 17, 18, 19, 20, 22, 23, 28, 30, 35, 36, 37, 38, 40, 41, 44, 49, 51, 52, 53, 54, 56, 57, 65, 66, 67, 68, 70, 71, 72, 73, 74, 77, 78, 79, 81, 82, 83, 84, 86, 88, 89, 93, 94, 95, 97, 99, 100, 103}
Cluster 234:
Dense units: [{0: 0, 1: 0, 3: 0, 4: 0, 5: 0, 7: 6}, {0: 0, 1: 0, 3: 0, 4: 0, 5: 0, 7: 7}]
Dimensions: {0, 1, 3, 4, 5, 7}
Cluster size: 32
Data points:
{65, 66, 3, 67, 68, 8, 73, 10, 9, 13, 77, 81, 18, 19, 84, 86, 24, 89, 88, 90, 28, 30, 97, 99, 38, 103, 41, 105, 44, 51, 53, 54}
Cluster 235:
Dense units: [{0: 0, 2: 0, 3: 0, 4: 0, 5: 0, 6: 1}, {0: 0, 2: 0, 3: 0, 4: 0, 5: 0, 6: 2}]
Dimensions: {0, 2, 3, 4, 5, 6}
Cluster size: 26
Data points:
{3, 68, 71, 10, 74, 13, 14, 77, 81, 83, 22, 23, 86, 88, 28, 30, 94, 95, 97, 35, 103, 44, 49, 52, 53, 54}
Cluster 236:
Dense units: [{0: 0, 2: 0, 3: 0, 4: 0, 5: 0, 7: 7}]
Dimensions: {0, 2, 3, 4, 5, 7}
Cluster size: 14
Data points:
{65, 66, 68, 8, 9, 44, 13, 77, 81, 18, 51, 88, 90, 30}
Cluster 237:
Dense units: [{1: 0, 2: 0, 3: 0, 4: 0, 5: 0, 6: 1}, {1: 0, 2: 0, 3: 0, 4: 0, 5: 0, 6: 2}]
Dimensions: {1, 2, 3, 4, 5, 6}
Cluster size: 26
Data points:
{3, 68, 71, 10, 74, 13, 14, 77, 81, 83, 22, 23, 86, 88, 28, 30, 94, 95, 97, 35, 103, 44, 49, 52, 53, 54}
Cluster 238:
Dense units: [{1: 0, 2: 0, 3: 0, 4: 0, 5: 0, 7: 7}]
Dimensions: {1, 2, 3, 4, 5, 7}
Cluster size: 14
Data points:
{65, 66, 68, 8, 9, 44, 13, 77, 81, 18, 51, 88, 90, 30}
Cluster 239:
Dense units: [{0: 0, 1: 0, 2: 0, 3: 0, 4: 0, 5: 0, 6: 1}, {0: 0, 1: 0, 2: 0, 3: 0, 4: 0, 5: 0, 6: 2}]
Dimensions: {0, 1, 2, 3, 4, 5, 6}
Cluster size: 26
Data points:
{3, 68, 71, 10, 74, 13, 14, 77, 81, 83, 22, 23, 86, 88, 28, 30, 94, 95, 97, 35, 103, 44, 49, 52, 53, 54}
Cluster 240:
Dense units: [{0: 0, 1: 0, 2: 0, 3: 0, 4: 0, 5: 0, 7: 7}]
Dimensions: {0, 1, 2, 3, 4, 5, 7}
Cluster size: 14
Data points:
{65, 66, 68, 8, 9, 44, 13, 77, 81, 18, 51, 88, 90, 30}
